0 0.00000 -1.36314 0.00000 3.45272
1 1.21413 -1.36323 0.01092 3.45413
2 1.22591 -1.36347 0.02199 3.45786
3 1.05884 -1.36390 0.03324 3.46454
4 0.76514 -1.36450 0.04432 3.47386
5 0.41376 -1.36532 0.05550 3.48639
6 0.07607 -1.36631 0.06713 3.50178
7 -0.18820 -1.36735 0.07864 3.51871
8 -0.34191 -1.36872 0.09023 3.54013
9 -0.37621 -1.37027 0.10226 3.56495
10 -0.31030 -1.37190 0.11452 3.59183
11 -0.18524 -1.37384 0.12706 3.62361
12 -0.05335 -1.37590 0.13990 3.65827
13 0.03454 -1.37823 0.15317 3.69785
14 0.04125 -1.38056 0.16665 3.73923
15 -0.04767 -1.38350 0.18078 3.78986
16 -0.21989 -1.38625 0.19551 3.84127
17 -0.43822 -1.38946 0.21068 3.90061
18 -0.64809 -1.39273 0.22642 3.96389
19 -0.78923 -1.39627 0.24285 4.03422
20 -0.80910 -1.40025 0.26026 4.11457
21 -0.67541 -1.40434 0.27845 4.20131
22 -0.38504 -1.40855 0.29776 4.29598
23 0.03258 -1.41316 0.31800 4.40217
24 0.51853 -1.41808 0.33968 4.52129
25 0.99362 -1.42329 0.36269 4.65399
26 1.37213 -1.42875 0.38725 4.80181
27 1.57769 -1.43457 0.41371 4.96914
28 1.55820 -1.44061 0.44214 5.15677
29 1.29703 -1.44703 0.47305 5.37166
30 0.81817 -1.45374 0.50673 5.61760
31 0.18418 -1.46062 0.54353 5.89925
32 -0.51295 -1.46813 0.58407 6.23278
33 -1.16645 -1.47588 0.62909 6.62543
34 -1.67258 -1.48389 0.67916 7.09251
35 -1.94835 -1.49214 0.73536 7.65767
36 -1.94599 -1.50072 0.79950 8.35994
37 -1.66161 -1.50953 0.87283 9.24478
38 -1.13630 -1.51835 0.95787 10.38710
39 -0.44966 -1.52696 1.05770 11.90491
40 0.29339 -1.53552 1.17711 14.01306
41 0.98007 -1.54319 1.32193 17.04803
42 1.50835 -1.54962 1.50257 21.70661
43 1.80360 -1.55352 1.73385 29.37282
44 1.83023 -1.55323 2.04128 43.28786
45 1.59649 -1.54516 2.47052 72.09698
46 1.15152 -1.52239 3.11389 144.33584
47 0.57564 -1.46807 4.18651 387.38344
48 -0.03457 -1.33037 6.34058 1761.71867
49 -0.58334 -0.84400 12.90391 27963.63477
50 -0.99197 -41.65047 -497.92741 62333347475.45557
51 -1.21122 -2.94595 -12.34035 25909.01386
52 -1.22799 -2.51155 -6.25586 2065.12590
53 -1.06491 -2.40359 -4.18825 543.76052
54 -0.77361 -2.38495 -3.14311 242.33521
55 -0.42279 -2.40780 -2.50946 146.28647
56 -0.08394 -2.45777 -2.08198 107.64650
57 0.18277 -2.53006 -1.77134 90.98952
58 0.33951 -2.62477 -1.53352 85.39751
59 0.37671 -2.74387 -1.34280 87.08553
60 0.31291 -2.89286 -1.18404 95.46438
61 0.18873 -3.07981 -1.04636 111.93870
62 0.05634 -3.31759 -0.92213 140.58270
63 -0.03320 -3.62750 -0.80459 190.60865
64 -0.04226 -4.04471 -0.68663 283.28668
65 0.04428 -4.63321 -0.55840 474.30091
66 0.21475 -5.52212 -0.40401 939.85676
67 0.43253 -7.01475 -0.18792 2424.77654
68 0.64337 -10.03173 0.19504 10135.18367
69 0.78696 -19.31409 1.27997 140379.39429
70 0.81041 494.75495 -56.65008 61499877128.18044
71 0.68079 15.92758 -2.62773 67908.56559
72 0.39417 7.58245 -1.65821 3629.25079
73 -0.02085 4.73754 -1.31113 583.86920
74 -0.50598 3.30374 -1.12537 148.38093
75 -0.98241 2.44029 -1.00571 48.53167
76 -1.36439 1.86375 -0.92007 18.66332
77 -1.57510 1.45149 -0.85437 8.04723
78 -1.56169 1.14236 -0.80170 3.79358
79 -1.30653 0.90193 -0.75793 1.92640
80 -0.83257 0.70979 -0.72063 1.04673
81 -0.20147 0.55280 -0.68824 0.60725
82 0.49535 0.42200 -0.65970 0.37612
83 1.15129 0.31145 -0.63414 0.24914
84 1.66230 0.21691 -0.61114 0.17685
85 1.94468 0.13506 -0.59037 0.13452
86 1.94962 0.06356 -0.57137 0.10923
87 1.67206 0.00066 -0.55364 0.09395
88 1.15202 -0.05539 -0.53735 0.08515
89 0.46825 -0.10524 -0.52216 0.08050
90 -0.27478 -0.15018 -0.50824 0.07888
91 -0.96423 -0.19063 -0.49485 0.07908
92 -1.49759 -0.22740 -0.48263 0.08102
93 -1.79937 -0.26073 -0.47074 0.08385
94 -1.83290 -0.29136 -0.45982 0.08781
95 -1.60531 -0.31953 -0.44939 0.09245
96 -1.16481 -0.34548 -0.43950 0.09766
97 -0.59109 -0.36945 -0.43006 0.10333
98 0.01947 -0.39168 -0.42115 0.10942
99 0.57088 -0.41224 -0.41262 0.11574
100 0.98381 -0.43140 -0.40448 0.12230
101 1.20819 -0.44927 -0.39657 0.12896
102 1.22995 -0.46604 -0.38924 0.13594
103 1.07090 -0.48168 -0.38198 0.14283
104 0.78204 -0.49653 -0.37527 0.15005
105 0.43183 -0.51031 -0.36851 0.15699
106 0.09186 -0.52345 -0.36214 0.16414
107 -0.17726 -0.53570 -0.35610 0.17121
108 -0.33703 -0.54745 -0.35021 0.17837
109 -0.37715 -0.55855 -0.34443 0.18543
110 -0.31548 -0.56907 -0.33910 0.19257
111 -0.19221 -0.57878 -0.33378 0.19927
112 -0.05937 -0.58841 -0.32862 0.20632
113 0.03181 -0.59731 -0.32359 0.21298
114 0.04320 -0.60584 -0.31887 0.21969
115 -0.04094 -0.61403 -0.31428 0.22639
116 -0.20964 -0.62171 -0.30962 0.23270
117 -0.42684 -0.62922 -0.30515 0.23915
118 -0.63860 -0.63631 -0.30096 0.24549
119 -0.78461 -0.64313 -0.29687 0.25175
120 -0.81163 -0.64969 -0.29290 0.25795
121 -0.68607 -0.65585 -0.28905 0.26389
122 -0.40321 -0.66183 -0.28511 0.26967
123 0.00915 -0.66753 -0.28147 0.27544
124 0.49343 -0.67313 -0.27793 0.28127
125 0.97114 -0.67837 -0.27431 0.28669
126 1.35653 -0.68348 -0.27094 0.29220
127 1.57237 -0.68837 -0.26751 0.29748
128 1.56503 -0.69311 -0.26430 0.30278
129 1.31589 -0.69776 -0.26117 0.30811
130 0.84686 -0.70197 -0.25814 0.31292
131 0.21872 -0.70637 -0.25514 0.31815
132 -0.47772 -0.71051 -0.25204 0.32302
133 -1.13603 -0.71434 -0.24919 0.32761
134 -1.65188 -0.71811 -0.24637 0.33221
135 -1.94083 -0.72188 -0.24363 0.33694
136 -1.95306 -0.72542 -0.24092 0.34139
137 -1.68235 -0.72882 -0.23821 0.34566
138 -1.16763 -0.73225 -0.23569 0.35017
139 -0.48680 -0.73545 -0.23314 0.35432
140 0.25612 -0.73856 -0.23065 0.35840
141 0.94828 -0.74163 -0.22837 0.36260
142 1.48668 -0.74460 -0.22594 0.36659
143 1.79497 -0.74741 -0.22358 0.37041
144 1.83540 -0.75024 -0.22114 0.37426
145 1.61399 -0.75296 -0.21899 0.37810
146 1.17801 -0.75537 -0.21688 0.38145
147 0.60652 -0.75808 -0.21463 0.38532
148 -0.00433 -0.76054 -0.21255 0.38887
149 -0.55832 -0.76292 -0.21044 0.39230
150 -0.97553 -0.76527 -0.20842 0.39573
151 -1.20502 -0.76750 -0.20639 0.39899
152 -1.23179 -0.76980 -0.20438 0.40241
153 -1.07680 -0.77191 -0.20245 0.40556
154 -0.79043 -0.77394 -0.20059 0.40861
155 -0.44088 -0.77614 -0.19860 0.41195
156 -0.09982 -0.77809 -0.19687 0.41497
157 0.17168 -0.77999 -0.19500 0.41784
158 0.33448 -0.78183 -0.19326 0.42069
159 0.37752 -0.78370 -0.19153 0.42363
160 0.31801 -0.78546 -0.18985 0.42640
161 0.19568 -0.78709 -0.18808 0.42888
162 0.06242 -0.78894 -0.18637 0.43185
163 -0.03036 -0.79055 -0.18479 0.43444
164 -0.04408 -0.79224 -0.18313 0.43715
165 0.03766 -0.79370 -0.18159 0.43947
166 0.20457 -0.79535 -0.17990 0.44216
167 0.42115 -0.79691 -0.17823 0.44466
168 0.63379 -0.79827 -0.17689 0.44693
169 0.78219 -0.79977 -0.17536 0.44941
170 0.81274 -0.80126 -0.17390 0.45192
171 0.69125 -0.80264 -0.17241 0.45422
172 0.41217 -0.80382 -0.17106 0.45615
173 0.00249 -0.80527 -0.16946 0.45857
174 -0.48087 -0.80657 -0.16799 0.46074
175 -0.95981 -0.80781 -0.16673 0.46289
176 -1.34856 -0.80908 -0.16539 0.46507
177 -1.56949 -0.81020 -0.16406 0.46695
178 -1.56820 -0.81141 -0.16265 0.46902
179 -1.32510 -0.81273 -0.16136 0.47137
180 -0.86106 -0.81383 -0.16004 0.47325
181 -0.23592 -0.81498 -0.15878 0.47528
182 0.46007 -0.81591 -0.15767 0.47688
183 1.12068 -0.81693 -0.15647 0.47866
184 1.64130 -0.81797 -0.15518 0.48047
185 1.93679 -0.81933 -0.15385 0.48298
186 1.95632 -0.82012 -0.15279 0.48433
187 1.69249 -0.82099 -0.15146 0.48575
188 1.18313 -0.82193 -0.15044 0.48749
189 0.50530 -0.82300 -0.14924 0.48944
190 -0.23744 -0.82393 -0.14802 0.49108
191 -0.93224 -0.82462 -0.14688 0.49219
192 -1.47562 -0.82574 -0.14579 0.49436
193 -1.79039 -0.82663 -0.14470 0.49596
194 -1.83773 -0.82752 -0.14364 0.49763
195 -1.62254 -0.82836 -0.14253 0.49914
196 -1.19113 -0.82905 -0.14157 0.50037
197 -0.62192 -0.82985 -0.14043 0.50178
198 -0.01084 -0.83074 -0.13946 0.50349
199 0.54568 -0.83163 -0.13846 0.50520
200 0.96712 -0.83230 -0.13729 0.50632
201 1.20172 -0.83317 -0.13630 0.50801
202 1.23352 -0.83377 -0.13527 0.50903
203 1.08262 -0.83445 -0.13437 0.51031
204 0.79878 -0.83528 -0.13333 0.51191
205 0.44993 -0.83595 -0.13249 0.51317
206 0.10783 -0.83664 -0.13157 0.51449
207 -0.16603 -0.83731 -0.13039 0.51564
208 -0.33184 -0.83815 -0.12949 0.51735
209 -0.37782 -0.83869 -0.12858 0.51831
210 -0.32050 -0.83934 -0.12778 0.51959
211 -0.19915 -0.83985 -0.12691 0.52050
212 -0.06550 -0.84072 -0.12594 0.52226
213 0.02886 -0.84115 -0.12498 0.52296
214 0.04490 -0.84186 -0.12408 0.52434
215 -0.03443 -0.84231 -0.12329 0.52517
216 -0.19953 -0.84301 -0.12249 0.52659
217 -0.41546 -0.84356 -0.12148 0.52759
218 -0.62894 -0.84415 -0.12064 0.52873
219 -0.77968 -0.84465 -0.12002 0.52975
220 -0.81375 -0.84521 -0.11898 0.53076
221 -0.69632 -0.84588 -0.11829 0.53217
222 -0.42104 -0.84635 -0.11744 0.53303
223 -0.01408 -0.84676 -0.11657 0.53377
224 0.46831 -0.84746 -0.11582 0.53525
225 0.94842 -0.84781 -0.11508 0.53587
226 1.34049 -0.84832 -0.11425 0.53686
227 1.56647 -0.84876 -0.11345 0.53768
228 1.57123 -0.84929 -0.11266 0.53875
229 1.33417 -0.84979 -0.11184 0.53972
230 0.87514 -0.85029 -0.11115 0.54074
231 0.25308 -0.85070 -0.11036 0.54150
232 -0.44240 -0.85115 -0.10972 0.54244
233 -1.10524 -0.85164 -0.10891 0.54339
234 -1.63058 -0.85211 -0.10819 0.54434
235 -1.93258 -0.85247 -0.10749 0.54503
236 -1.95939 -0.85289 -0.10670 0.54584
237 -1.70246 -0.85326 -0.10590 0.54652
238 -1.19853 -0.85381 -0.10534 0.54774
239 -0.52377 -0.85421 -0.10453 0.54849
240 0.21872 -0.85457 -0.10374 0.54915
241 0.91609 -0.85510 -0.10314 0.55031
242 1.46441 -0.85528 -0.10258 0.55061
243 1.78564 -0.85572 -0.10175 0.55147
244 1.83988 -0.85614 -0.10111 0.55233
245 1.63094 -0.85653 -0.10050 0.55315
246 1.20416 -0.85682 -0.09966 0.55364
247 0.63729 -0.85725 -0.09897 0.55454
248 0.02605 -0.85745 -0.09840 0.55488
249 -0.53295 -0.85788 -0.09780 0.55582
250 -0.95860 -0.85830 -0.09714 0.55669
251 -1.19829 -0.85869 -0.09659 0.55753
252 -1.23512 -0.85898 -0.09589 0.55808
253 -1.08835 -0.85939 -0.09521 0.55892
254 -0.80709 -0.85964 -0.09465 0.55943
255 -0.45898 -0.85994 -0.09391 0.55999
256 -0.11589 -0.86024 -0.09335 0.56058
257 0.16031 -0.86060 -0.09265 0.56132
258 0.32913 -0.86088 -0.09220 0.56192
259 0.37805 -0.86118 -0.09156 0.56251
260 0.32295 -0.86152 -0.09083 0.56321
261 0.20261 -0.86175 -0.09021 0.56362
262 0.06861 -0.86232 -0.08966 0.56495
263 -0.02731 -0.86239 -0.08909 0.56499
264 -0.04565 -0.86266 -0.08851 0.56554
265 0.03126 -0.86303 -0.08794 0.56632
266 0.19452 -0.86325 -0.08742 0.56676
267 0.40976 -0.86366 -0.08682 0.56768
268 0.62405 -0.86392 -0.08621 0.56821
269 0.77711 -0.86409 -0.08560 0.56849
270 0.81467 -0.86438 -0.08520 0.56914
271 0.70129 -0.86465 -0.08441 0.56965
272 0.42983 -0.86499 -0.08407 0.57044
273 0.02563 -0.86519 -0.08348 0.57081
274 -0.45574 -0.86541 -0.08278 0.57121
275 -0.93697 -0.86575 -0.08234 0.57201
276 -1.33230 -0.86589 -0.08181 0.57224
277 -1.56331 -0.86617 -0.08111 0.57280
278 -1.57409 -0.86642 -0.08066 0.57334
279 -1.34309 -0.86653 -0.08014 0.57350
280 -0.88912 -0.86688 -0.07962 0.57428
281 -0.27019 -0.86702 -0.07906 0.57453
282 0.42470 -0.86729 -0.07858 0.57513
283 1.08972 -0.86755 -0.07799 0.57566
284 1.61972 -0.86777 -0.07758 0.57615
285 1.92819 -0.86800 -0.07707 0.57662
286 1.96228 -0.86828 -0.07642 0.57721
287 1.71228 -0.86844 -0.07602 0.57756
288 1.21381 -0.86861 -0.07540 0.57786
289 0.54219 -0.86896 -0.07506 0.57870
290 -0.19997 -0.86898 -0.07448 0.57864
291 -0.89985 -0.86929 -0.07414 0.57938
292 -1.45305 -0.86955 -0.07353 0.57993
293 -1.78071 -0.86968 -0.07296 0.58014
294 -1.84187 -0.86987 -0.07262 0.58057
295 -1.63920 -0.87011 -0.07207 0.58108
296 -1.21709 -0.87031 -0.07149 0.58149
297 -0.65264 -0.87040 -0.07111 0.58165
298 -0.04129 -0.87073 -0.07070 0.58241
299 0.52013 -0.87093 -0.07004 0.58281
300 0.94995 -0.87100 -0.06965 0.58293
301 1.19472 -0.87127 -0.06906 0.58353
302 1.23661 -0.87146 -0.06867 0.58393
303 1.09399 -0.87155 -0.06827 0.58410
304 0.81536 -0.87170 -0.06769 0.58437
305 0.46804 -0.87194 -0.06725 0.58492
306 0.12399 -0.87212 -0.06678 0.58530
307 -0.15451 -0.87217 -0.06633 0.58535
308 -0.32634 -0.87242 -0.06593 0.58593
309 -0.37822 -0.87260 -0.06547 0.58633
310 -0.32535 -0.87277 -0.06503 0.58668
311 -0.20606 -0.87285 -0.06457 0.58680
312 -0.07174 -0.87309 -0.06406 0.58737
313 0.02571 -0.87326 -0.06365 0.58773
314 0.04634 -0.87353 -0.06324 0.58838
315 -0.02815 -0.87365 -0.06271 0.58859
316 -0.18954 -0.87383 -0.06246 0.58902
317 -0.40406 -0.87394 -0.06190 0.58920
318 -0.61912 -0.87400 -0.06150 0.58929
319 -0.77445 -0.87423 -0.06109 0.58983
320 -0.81548 -0.87426 -0.06059 0.58982
321 -0.70615 -0.87449 -0.06009 0.59036
322 -0.43853 -0.87459 -0.05987 0.59058
323 -0.03712 -0.87479 -0.05939 0.59103
324 0.44318 -0.87493 -0.05893 0.59131
325 0.92546 -0.87502 -0.05843 0.59148
326 1.32401 -0.87507 -0.05810 0.59154
327 1.56000 -0.87520 -0.05770 0.59182
328 1.57679 -0.87538 -0.05722 0.59223
329 1.35187 -0.87554 -0.05665 0.59257
330 0.90299 -0.87584 -0.05642 0.59334
331 0.28725 -0.87577 -0.05603 0.59308
332 -0.40699 -0.87597 -0.05557 0.59354
333 -1.07410 -0.87609 -0.05503 0.59378
334 -1.60871 -0.87616 -0.05484 0.59393
335 -1.92362 -0.87630 -0.05430 0.59420
336 -1.96498 -0.87646 -0.05391 0.59457
337 -1.72193 -0.87648 -0.05358 0.59456
338 -1.22898 -0.87661 -0.05315 0.59485
339 -0.56057 -0.87686 -0.05283 0.59549
340 0.18120 -0.87700 -0.05236 0.59577
341 0.88351 -0.87716 -0.05188 0.59615
342 1.44155 -0.87709 -0.05166 0.59593
343 1.77561 -0.87726 -0.05123 0.59630
344 1.84368 -0.87747 -0.05076 0.59680
345 1.64732 -0.87749 -0.05030 0.59679
346 1.22993 -0.87752 -0.05000 0.59683
347 0.66795 -0.87772 -0.04968 0.59730
348 0.05657 -0.87780 -0.04911 0.59743
349 -0.50722 -0.87788 -0.04877 0.59761
350 -0.94118 -0.87800 -0.04842 0.59789
351 -1.19102 -0.87802 -0.04811 0.59789
352 -1.23798 -0.87819 -0.04768 0.59828
353 -1.09954 -0.87822 -0.04727 0.59832
354 -0.82358 -0.87845 -0.04696 0.59889
355 -0.47711 -0.87848 -0.04662 0.59892
356 -0.13213 -0.87858 -0.04622 0.59915
357 0.14865 -0.87873 -0.04567 0.59946
358 0.32347 -0.87890 -0.04544 0.59990
359 0.37832 -0.87882 -0.04506 0.59963
360 0.32771 -0.87894 -0.04474 0.59992
361 0.20950 -0.87910 -0.04423 0.60027
362 0.07489 -0.87901 -0.04397 0.60000
363 -0.02406 -0.87920 -0.04361 0.60045
364 -0.04697 -0.87929 -0.04315 0.60063
365 0.02510 -0.87937 -0.04287 0.60083
366 0.18460 -0.87960 -0.04252 0.60141
367 0.39837 -0.87974 -0.04219 0.60175
368 0.61415 -0.87968 -0.04181 0.60152
369 0.77172 -0.87981 -0.04141 0.60183
370 0.81620 -0.87983 -0.04107 0.60184
371 0.71092 -0.87994 -0.04072 0.60210
372 0.44714 -0.87995 -0.04033 0.60209
373 0.04856 -0.88003 -0.04002 0.60225
374 -0.43062 -0.88008 -0.03960 0.60235
375 -0.91391 -0.88021 -0.03925 0.60265
376 -1.31561 -0.88029 -0.03873 0.60280
377 -1.55655 -0.88039 -0.03864 0.60307
378 -1.57934 -0.88050 -0.03813 0.60333
379 -1.36051 -0.88052 -0.03783 0.60333
380 -0.91675 -0.88070 -0.03756 0.60378
381 -0.30426 -0.88055 -0.03722 0.60335
382 0.38925 -0.88079 -0.03683 0.60396
383 1.05840 -0.88083 -0.03645 0.60401
384 1.59756 -0.88097 -0.03611 0.60437
385 1.91887 -0.88097 -0.03578 0.60433
386 1.96749 -0.88092 -0.03548 0.60417
387 1.73142 -0.88108 -0.03502 0.60456
388 1.24403 -0.88115 -0.03473 0.60471
389 0.57889 -0.88125 -0.03436 0.60494
390 -0.16240 -0.88132 -0.03407 0.60509
391 -0.86708 -0.88121 -0.03370 0.60478
392 -1.42990 -0.88146 -0.03339 0.60543
393 -1.77034 -0.88150 -0.03303 0.60550
394 -1.84532 -0.88162 -0.03268 0.60578
395 -1.65529 -0.88165 -0.03238 0.60584
396 -1.24268 -0.88171 -0.03209 0.60596
397 -0.68324 -0.88171 -0.03180 0.60595
398 -0.07188 -0.88182 -0.03144 0.60621
399 0.49423 -0.88183 -0.03111 0.60621
400 0.93229 -0.88206 -0.03078 0.60680
401 1.18719 -0.88200 -0.03055 0.60661
402 1.23922 -0.88194 -0.03001 0.60641
403 1.10500 -0.88212 -0.02980 0.60687
404 0.83176 -0.88205 -0.02945 0.60666
405 0.48617 -0.88218 -0.02917 0.60697
406 0.14032 -0.88223 -0.02880 0.60709
407 -0.14272 -0.88234 -0.02836 0.60735
408 -0.32052 -0.88234 -0.02807 0.60733
409 -0.37835 -0.88230 -0.02769 0.60719
410 -0.33003 -0.88246 -0.02739 0.60760
411 -0.21293 -0.88252 -0.02706 0.60772
412 -0.07807 -0.88257 -0.02677 0.60784
413 0.02236 -0.88252 -0.02652 0.60769
414 0.04754 -0.88265 -0.02610 0.60802
415 -0.02210 -0.88272 -0.02593 0.60819
416 -0.17970 -0.88261 -0.02554 0.60785
417 -0.39267 -0.88280 -0.02527 0.60836
418 -0.60914 -0.88282 -0.02495 0.60840
419 -0.76892 -0.88284 -0.02457 0.60840
420 -0.81682 -0.88289 -0.02425 0.60853
421 -0.71558 -0.88292 -0.02398 0.60860
422 -0.45566 -0.88314 -0.02369 0.60919
423 -0.05995 -0.88300 -0.02323 0.60876
424 0.41806 -0.88308 -0.02300 0.60897
425 0.90230 -0.88315 -0.02271 0.60914
426 1.30711 -0.88315 -0.02234 0.60909
427 1.55295 -0.88319 -0.02200 0.60920
428 1.58173 -0.88317 -0.02174 0.60912
429 1.36899 -0.88321 -0.02150 0.60921
430 0.93041 -0.88327 -0.02112 0.60935
431 0.32122 -0.88333 -0.02074 0.60949
432 -0.37151 -0.88344 -0.02054 0.60979
433 -1.04261 -0.88342 -0.02016 0.60971
434 -1.58626 -0.88342 -0.01985 0.60970
435 -1.91394 -0.88351 -0.01963 0.60993
436 -1.96982 -0.88338 -0.01929 0.60955
437 -1.74074 -0.88359 -0.01899 0.61011
438 -1.25897 -0.88352 -0.01858 0.60989
439 -0.59717 -0.88357 -0.01841 0.61002
440 0.14358 -0.88371 -0.01790 0.61037
441 0.85056 -0.88367 -0.01762 0.61024
442 1.41810 -0.88372 -0.01732 0.61038
443 1.76489 -0.88366 -0.01712 0.61020
444 1.84679 -0.88369 -0.01679 0.61025
445 1.66312 -0.88370 -0.01660 0.61028
446 1.25533 -0.88385 -0.01609 0.61068
447 0.69849 -0.88373 -0.01591 0.61031
448 0.08722 -0.88379 -0.01553 0.61048
449 -0.48115 -0.88386 -0.01540 0.61067
450 -0.92328 -0.88395 -0.01503 0.61090
451 -1.18323 -0.88397 -0.01468 0.61092
452 -1.24035 -0.88397 -0.01429 0.61090
453 -1.11038 -0.88401 -0.01409 0.61100
454 -0.83988 -0.88408 -0.01370 0.61118
455 -0.49524 -0.88400 -0.01341 0.61096
456 -0.14854 -0.88413 -0.01316 0.61131
457 0.13671 -0.88413 -0.01290 0.61130
458 0.31749 -0.88410 -0.01263 0.61120
459 0.37831 -0.88408 -0.01221 0.61113
460 0.33230 -0.88413 -0.01196 0.61127
461 0.21634 -0.88407 -0.01166 0.61109
462 0.08127 -0.88421 -0.01124 0.61144
463 -0.02061 -0.88414 -0.01096 0.61125
464 -0.04804 -0.88436 -0.01072 0.61186
465 0.01916 -0.88430 -0.01044 0.61168
466 0.17483 -0.88429 -0.01018 0.61163
467 0.38698 -0.88428 -0.00974 0.61160
468 0.60410 -0.88413 -0.00949 0.61118
469 0.76604 -0.88436 -0.00920 0.61179
470 0.81735 -0.88428 -0.00901 0.61157
471 0.72013 -0.88429 -0.00855 0.61160
472 0.46410 -0.88437 -0.00830 0.61181
473 0.07129 -0.88424 -0.00803 0.61144
474 -0.40551 -0.88429 -0.00783 0.61158
475 -0.89063 -0.88446 -0.00741 0.61204
476 -1.29851 -0.88433 -0.00716 0.61167
477 -1.54922 -0.88442 -0.00679 0.61192
478 -1.58397 -0.88453 -0.00654 0.61221
479 -1.37733 -0.88447 -0.00625 0.61203
480 -0.94395 -0.88447 -0.00586 0.61202
481 -0.33812 -0.88448 -0.00567 0.61205
482 0.35374 -0.88451 -0.00530 0.61213
483 1.02674 -0.88449 -0.00504 0.61208
484 1.57483 -0.88460 -0.00473 0.61236
485 1.90884 -0.88446 -0.00447 0.61198
486 1.97197 -0.88454 -0.00417 0.61219
487 1.74990 -0.88445 -0.00385 0.61193
488 1.27380 -0.88448 -0.00357 0.61201
489 0.61540 -0.88447 -0.00318 0.61198
490 -0.12473 -0.88440 -0.00290 0.61179
491 -0.83394 -0.88455 -0.00274 0.61220
492 -1.40616 -0.88448 -0.00237 0.61202
493 -1.75927 -0.88452 -0.00216 0.61211
494 -1.84808 -0.88457 -0.00185 0.61226
495 -1.67080 -0.88454 -0.00148 0.61218
496 -1.26789 -0.88451 -0.00131 0.61210
497 -0.71370 -0.88450 -0.00087 0.61206
498 -0.10259 -0.88461 -0.00061 0.61236
499 0.46799 -0.88462 -0.00031 0.61239
500 0.91415 -0.88454 0.00000 0.61217
501 1.17914 -0.88462 0.00031 0.61239
502 1.24135 -0.88461 0.00061 0.61236
503 1.11566 -0.88450 0.00087 0.61206
504 0.84797 -0.88451 0.00131 0.61210
505 0.50430 -0.88454 0.00148 0.61218
506 0.15681 -0.88457 0.00185 0.61226
507 -0.13064 -0.88452 0.00216 0.61211
508 -0.31439 -0.88448 0.00237 0.61202
509 -0.37820 -0.88455 0.00274 0.61220
510 -0.33453 -0.88440 0.00290 0.61179
511 -0.21975 -0.88447 0.00318 0.61198
512 -0.08449 -0.88448 0.00357 0.61201
513 0.01881 -0.88445 0.00385 0.61193
514 0.04848 -0.88454 0.00417 0.61219
515 -0.01628 -0.88446 0.00447 0.61198
516 -0.17000 -0.88460 0.00473 0.61236
517 -0.38129 -0.88449 0.00504 0.61208
518 -0.59902 -0.88451 0.00530 0.61213
519 -0.76310 -0.88448 0.00567 0.61205
520 -0.81777 -0.88447 0.00586 0.61202
521 -0.72458 -0.88447 0.00625 0.61203
522 -0.47244 -0.88453 0.00654 0.61221
523 -0.08257 -0.88442 0.00679 0.61192
524 0.39296 -0.88433 0.00716 0.61167
525 0.87892 -0.88446 0.00741 0.61204
526 1.28980 -0.88429 0.00783 0.61158
527 1.54534 -0.88424 0.00803 0.61144
528 1.58604 -0.88437 0.00830 0.61181
529 1.38552 -0.88429 0.00855 0.61160
530 0.95737 -0.88428 0.00901 0.61157
531 0.35496 -0.88436 0.00920 0.61179
532 -0.33597 -0.88413 0.00949 0.61118
533 -1.01079 -0.88428 0.00974 0.61160
534 -1.56325 -0.88429 0.01018 0.61163
535 -1.90356 -0.88430 0.01044 0.61168
536 -1.97393 -0.88436 0.01072 0.61186
537 -1.75890 -0.88414 0.01096 0.61125
538 -1.28850 -0.88421 0.01124 0.61144
539 -0.63357 -0.88407 0.01166 0.61109
540 0.10587 -0.88413 0.01196 0.61127
541 0.81724 -0.88408 0.01221 0.61113
542 1.39408 -0.88410 0.01263 0.61120
543 1.75348 -0.88413 0.01290 0.61130
544 1.84921 -0.88413 0.01316 0.61131
545 1.67834 -0.88400 0.01341 0.61096
546 1.28034 -0.88408 0.01370 0.61118
547 0.72888 -0.88401 0.01409 0.61100
548 0.11798 -0.88397 0.01429 0.61090
549 -0.45475 -0.88397 0.01468 0.61092
550 -0.90491 -0.88395 0.01503 0.61090
551 -1.17491 -0.88386 0.01540 0.61067
552 -1.24223 -0.88379 0.01553 0.61048
553 -1.12085 -0.88373 0.01591 0.61031
554 -0.85600 -0.88385 0.01609 0.61068
555 -0.51336 -0.88370 0.01660 0.61028
556 -0.16512 -0.88369 0.01679 0.61025
557 0.12450 -0.88366 0.01712 0.61020
558 0.31120 -0.88372 0.01732 0.61038
559 0.37802 -0.88367 0.01762 0.61024
560 0.33671 -0.88371 0.01790 0.61037
561 0.22314 -0.88357 0.01841 0.61002
562 0.08774 -0.88352 0.01858 0.60989
563 -0.01696 -0.88359 0.01899 0.61011
564 -0.04886 -0.88338 0.01929 0.60955
565 0.01346 -0.88351 0.01963 0.60993
566 0.16521 -0.88342 0.01985 0.60970
567 0.37561 -0.88342 0.02016 0.60971
568 0.59390 -0.88344 0.02054 0.60979
569 0.76008 -0.88333 0.02074 0.60949
570 0.81810 -0.88327 0.02112 0.60935
571 0.72893 -0.88321 0.02150 0.60921
572 0.48070 -0.88317 0.02174 0.60912
573 0.09379 -0.88319 0.02200 0.60920
574 -0.38042 -0.88315 0.02234 0.60909
575 -0.86716 -0.88315 0.02271 0.60914
576 -1.28099 -0.88308 0.02300 0.60897
577 -1.54132 -0.88300 0.02323 0.60876
578 -1.58796 -0.88314 0.02369 0.60919
579 -1.39356 -0.88292 0.02398 0.60860
580 -0.97069 -0.88289 0.02425 0.60853
581 -0.37175 -0.88284 0.02457 0.60840
582 0.31819 -0.88282 0.02495 0.60840
583 0.99476 -0.88280 0.02527 0.60836
584 1.55154 -0.88261 0.02554 0.60785
585 1.89810 -0.88272 0.02593 0.60819
586 1.97570 -0.88265 0.02610 0.60802
587 1.76773 -0.88252 0.02652 0.60769
588 1.30308 -0.88257 0.02677 0.60784
589 0.65169 -0.88252 0.02706 0.60772
590 -0.08698 -0.88246 0.02739 0.60760
591 -0.80044 -0.88230 0.02769 0.60719
592 -1.38186 -0.88234 0.02807 0.60733
593 -1.74752 -0.88234 0.02836 0.60735
594 -1.85015 -0.88223 0.02880 0.60709
595 -1.68573 -0.88218 0.02917 0.60697
596 -1.29270 -0.88205 0.02945 0.60666
597 -0.74402 -0.88212 0.02980 0.60687
598 -0.13340 -0.88194 0.03001 0.60641
599 0.44143 -0.88200 0.03055 0.60661
600 0.89554 -0.88206 0.03078 0.60680
601 1.17055 -0.88183 0.03111 0.60621
602 1.24298 -0.88182 0.03144 0.60621
603 1.12595 -0.88171 0.03180 0.60595
604 0.86398 -0.88171 0.03209 0.60596
605 0.52242 -0.88165 0.03238 0.60584
606 0.17346 -0.88162 0.03268 0.60578
607 -0.11830 -0.88150 0.03303 0.60550
608 -0.30794 -0.88146 0.03339 0.60543
609 -0.37776 -0.88121 0.03370 0.60478
610 -0.33884 -0.88132 0.03407 0.60509
611 -0.22652 -0.88125 0.03436 0.60494
612 -0.09100 -0.88115 0.03473 0.60471
613 0.01506 -0.88108 0.03502 0.60456
614 0.04918 -0.88092 0.03548 0.60417
615 -0.01070 -0.88097 0.03578 0.60433
616 -0.16046 -0.88097 0.03611 0.60437
617 -0.36993 -0.88083 0.03645 0.60401
618 -0.58875 -0.88079 0.03683 0.60396
619 -0.75699 -0.88055 0.03722 0.60335
620 -0.81833 -0.88070 0.03756 0.60378
621 -0.73317 -0.88052 0.03783 0.60333
622 -0.48886 -0.88050 0.03813 0.60333
623 -0.10496 -0.88039 0.03864 0.60307
624 0.36789 -0.88029 0.03873 0.60280
625 0.85535 -0.88021 0.03925 0.60265
626 1.27208 -0.88008 0.03960 0.60235
627 1.53717 -0.88003 0.04002 0.60225
628 1.58972 -0.87995 0.04033 0.60209
629 1.40146 -0.87994 0.04072 0.60210
630 0.98389 -0.87983 0.04107 0.60184
631 0.38848 -0.87981 0.04141 0.60183
632 -0.30039 -0.87968 0.04181 0.60152
633 -0.97865 -0.87974 0.04219 0.60175
634 -1.53969 -0.87960 0.04252 0.60141
635 -1.89247 -0.87937 0.04287 0.60083
636 -1.97729 -0.87929 0.04315 0.60063
637 -1.77639 -0.87920 0.04361 0.60045
638 -1.31754 -0.87901 0.04397 0.60000
639 -0.66975 -0.87910 0.04423 0.60027
640 0.06808 -0.87894 0.04474 0.59992
641 0.78357 -0.87882 0.04506 0.59963
642 1.36949 -0.87890 0.04544 0.59990
643 1.74138 -0.87873 0.04567 0.59946
644 1.85093 -0.87858 0.04622 0.59915
645 1.69297 -0.87848 0.04662 0.59892
646 1.30496 -0.87845 0.04696 0.59889
647 0.75912 -0.87822 0.04727 0.59832
648 0.14884 -0.87819 0.04768 0.59828
649 -0.42803 -0.87802 0.04811 0.59789
650 -0.88606 -0.87800 0.04842 0.59789
651 -1.16606 -0.87788 0.04877 0.59761
652 -1.24362 -0.87780 0.04911 0.59743
653 -1.13095 -0.87772 0.04968 0.59730
654 -0.87191 -0.87752 0.05000 0.59683
655 -0.53148 -0.87749 0.05030 0.59679
656 -0.18184 -0.87747 0.05076 0.59680
657 0.11202 -0.87726 0.05123 0.59630
658 0.30460 -0.87709 0.05166 0.59593
659 0.37744 -0.87716 0.05188 0.59615
660 0.34092 -0.87700 0.05236 0.59577
661 0.22988 -0.87686 0.05283 0.59549
662 0.09429 -0.87661 0.05315 0.59485
663 -0.01311 -0.87648 0.05358 0.59456
664 -0.04943 -0.87646 0.05391 0.59457
665 0.00799 -0.87630 0.05430 0.59420
666 0.15575 -0.87616 0.05484 0.59393
667 0.36426 -0.87609 0.05503 0.59378
668 0.58357 -0.87597 0.05557 0.59354
669 0.75383 -0.87577 0.05603 0.59308
670 0.81847 -0.87584 0.05642 0.59334
671 0.73731 -0.87554 0.05665 0.59257
672 0.49693 -0.87538 0.05722 0.59223
673 0.11606 -0.87520 0.05770 0.59182
674 -0.35536 -0.87507 0.05810 0.59154
675 -0.84350 -0.87502 0.05843 0.59148
676 -1.26308 -0.87493 0.05893 0.59131
677 -1.53287 -0.87479 0.05939 0.59103
678 -1.59132 -0.87459 0.05987 0.59058
679 -1.40920 -0.87449 0.06009 0.59036
680 -0.99697 -0.87426 0.06059 0.58982
681 -0.40514 -0.87423 0.06109 0.58983
682 0.28259 -0.87400 0.06150 0.58929
683 0.96246 -0.87394 0.06190 0.58920
684 1.52770 -0.87383 0.06246 0.58902
685 1.88667 -0.87365 0.06271 0.58859
686 1.97869 -0.87353 0.06324 0.58838
687 1.78488 -0.87326 0.06365 0.58773
688 1.33188 -0.87309 0.06406 0.58737
689 0.68775 -0.87285 0.06457 0.58680
690 -0.04916 -0.87277 0.06503 0.58668
691 -0.76660 -0.87260 0.06547 0.58633
692 -1.35699 -0.87242 0.06593 0.58593
693 -1.73508 -0.87217 0.06633 0.58535
694 -1.85152 -0.87212 0.06678 0.58530
695 -1.70005 -0.87194 0.06725 0.58492
696 -1.31711 -0.87170 0.06769 0.58437
697 -0.77418 -0.87155 0.06827 0.58410
698 -0.16431 -0.87146 0.06867 0.58393
699 0.41456 -0.87127 0.06906 0.58353
700 0.87647 -0.87100 0.06965 0.58293
701 1.16143 -0.87093 0.07004 0.58281
702 1.24412 -0.87073 0.07070 0.58241
703 1.13585 -0.87040 0.07111 0.58165
704 0.87979 -0.87031 0.07149 0.58149
705 0.54052 -0.87011 0.07207 0.58108
706 0.19026 -0.86987 0.07262 0.58057
707 -0.10568 -0.86968 0.07296 0.58014
708 -0.30118 -0.86955 0.07353 0.57993
709 -0.37705 -0.86929 0.07414 0.57938
710 -0.34296 -0.86898 0.07448 0.57864
711 -0.23323 -0.86896 0.07506 0.57870
712 -0.09759 -0.86861 0.07540 0.57786
713 0.01112 -0.86844 0.07602 0.57756
714 0.04963 -0.86828 0.07642 0.57721
715 -0.00535 -0.86800 0.07707 0.57662
716 -0.15107 -0.86777 0.07758 0.57615
717 -0.35860 -0.86755 0.07799 0.57566
718 -0.57836 -0.86729 0.07858 0.57513
719 -0.75060 -0.86702 0.07906 0.57453
720 -0.81851 -0.86688 0.07962 0.57428
721 -0.74134 -0.86653 0.08014 0.57350
722 -0.50491 -0.86642 0.08066 0.57334
723 -0.12711 -0.86617 0.08111 0.57280
724 0.34285 -0.86589 0.08181 0.57224
725 0.83160 -0.86575 0.08234 0.57201
726 1.25397 -0.86541 0.08278 0.57121
727 1.52844 -0.86519 0.08348 0.57081
728 1.59277 -0.86499 0.08407 0.57044
729 1.41679 -0.86465 0.08441 0.56965
730 1.00993 -0.86438 0.08520 0.56914
731 0.42174 -0.86409 0.08560 0.56849
732 -0.26479 -0.86392 0.08621 0.56821
733 -0.94620 -0.86366 0.08682 0.56768
734 -1.51558 -0.86325 0.08742 0.56676
735 -1.88069 -0.86303 0.08794 0.56632
736 -1.97990 -0.86266 0.08851 0.56554
737 -1.79321 -0.86239 0.08909 0.56499
738 -1.34609 -0.86232 0.08966 0.56495
739 -0.70569 -0.86175 0.09021 0.56362
740 0.03024 -0.86152 0.09083 0.56321
741 0.74956 -0.86118 0.09156 0.56251
742 1.34434 -0.86088 0.09220 0.56192
743 1.72860 -0.86060 0.09265 0.56132
744 1.85195 -0.86024 0.09335 0.56058
745 1.70699 -0.85994 0.09391 0.55999
746 1.32916 -0.85964 0.09465 0.55943
747 0.78919 -0.85939 0.09521 0.55892
748 0.17979 -0.85898 0.09589 0.55808
749 -0.40100 -0.85869 0.09659 0.55753
750 -0.86675 -0.85830 0.09714 0.55669
751 -1.15668 -0.85788 0.09780 0.55582
752 -1.24451 -0.85745 0.09840 0.55488
753 -1.14066 -0.85725 0.09897 0.55454
754 -0.88761 -0.85682 0.09966 0.55364
755 -0.54957 -0.85653 0.10050 0.55315
756 -0.19872 -0.85614 0.10111 0.55233
757 0.09927 -0.85572 0.10175 0.55147
758 0.29768 -0.85528 0.10258 0.55061
759 0.37658 -0.85510 0.10314 0.55031
760 0.34494 -0.85457 0.10374 0.54915
761 0.23656 -0.85421 0.10453 0.54849
762 0.10091 -0.85381 0.10534 0.54774
763 -0.00909 -0.85326 0.10590 0.54652
764 -0.04976 -0.85289 0.10670 0.54584
765 0.00276 -0.85247 0.10749 0.54503
766 0.14644 -0.85211 0.10819 0.54434
767 0.35294 -0.85164 0.10891 0.54339
768 0.57311 -0.85115 0.10972 0.54244
769 0.74731 -0.85070 0.11036 0.54150
770 0.81846 -0.85029 0.11115 0.54074
771 0.74527 -0.84979 0.11184 0.53972
772 0.51280 -0.84929 0.11266 0.53875
773 0.13810 -0.84876 0.11345 0.53768
774 -0.33036 -0.84832 0.11425 0.53686
775 -0.81966 -0.84781 0.11508 0.53587
776 -1.24477 -0.84746 0.11582 0.53525
777 -1.52387 -0.84676 0.11657 0.53377
778 -1.59406 -0.84635 0.11744 0.53303
779 -1.42424 -0.84588 0.11829 0.53217
780 -1.02278 -0.84521 0.11898 0.53076
781 -0.43828 -0.84465 0.12002 0.52975
782 0.24698 -0.84415 0.12064 0.52873
783 0.92987 -0.84356 0.12148 0.52759
784 1.50333 -0.84301 0.12249 0.52659
785 1.87453 -0.84231 0.12329 0.52517
786 1.98093 -0.84186 0.12408 0.52434
787 1.80136 -0.84115 0.12498 0.52296
788 1.36018 -0.84072 0.12594 0.52226
789 0.72357 -0.83985 0.12691 0.52050
790 -0.01130 -0.83934 0.12778 0.51959
791 -0.73243 -0.83869 0.12858 0.51831
792 -1.33156 -0.83815 0.12949 0.51735
793 -1.72195 -0.83731 0.13039 0.51564
794 -1.85220 -0.83664 0.13157 0.51449
795 -1.71378 -0.83595 0.13249 0.51317
796 -1.34110 -0.83528 0.13333 0.51191
797 -0.80416 -0.83445 0.13437 0.51031
798 -0.19530 -0.83377 0.13527 0.50903
799 0.38737 -0.83317 0.13630 0.50801
800 0.85692 -0.83230 0.13729 0.50632
801 1.15179 -0.83163 0.13846 0.50520
802 1.24477 -0.83074 0.13946 0.50349
803 1.14538 -0.82985 0.14043 0.50178
804 0.89538 -0.82905 0.14157 0.50037
805 0.55860 -0.82836 0.14253 0.49914
806 0.20721 -0.82752 0.14364 0.49763
807 -0.09280 -0.82663 0.14470 0.49596
808 -0.29410 -0.82574 0.14579 0.49436
809 -0.37604 -0.82462 0.14688 0.49219
810 -0.34688 -0.82393 0.14802 0.49108
811 -0.23987 -0.82300 0.14924 0.48944
812 -0.10425 -0.82193 0.15044 0.48749
813 0.00700 -0.82099 0.15146 0.48575
814 0.04983 -0.82012 0.15279 0.48433
815 -0.00024 -0.81933 0.15385 0.48298
816 -0.14185 -0.81797 0.15518 0.48047
817 -0.34730 -0.81693 0.15647 0.47866
818 -0.56784 -0.81591 0.15767 0.47688
819 -0.74394 -0.81498 0.15878 0.47528
820 -0.81831 -0.81383 0.16004 0.47325
821 -0.74910 -0.81273 0.16136 0.47137
822 -0.52060 -0.81141 0.16265 0.46902
823 -0.14903 -0.81020 0.16406 0.46695
824 0.31787 -0.80908 0.16539 0.46507
825 0.80768 -0.80781 0.16673 0.46289
826 1.23548 -0.80657 0.16799 0.46074
827 1.51917 -0.80527 0.16946 0.45857
828 1.59519 -0.80382 0.17106 0.45615
829 1.43153 -0.80264 0.17241 0.45422
830 1.03551 -0.80126 0.17390 0.45192
831 0.45476 -0.79977 0.17536 0.44941
832 -0.22917 -0.79827 0.17689 0.44693
833 -0.91347 -0.79691 0.17823 0.44466
834 -1.49095 -0.79535 0.17990 0.44216
835 -1.86821 -0.79370 0.18159 0.43947
836 -1.98177 -0.79224 0.18313 0.43715
837 -1.80934 -0.79055 0.18479 0.43444
838 -1.37414 -0.78894 0.18637 0.43185
839 -0.74139 -0.78709 0.18808 0.42888
840 -0.00765 -0.78546 0.18985 0.42640
841 0.71522 -0.78370 0.19153 0.42363
842 1.31865 -0.78183 0.19326 0.42069
843 1.71514 -0.77999 0.19500 0.41784
844 1.85227 -0.77809 0.19687 0.41497
845 1.72041 -0.77614 0.19860 0.41195
846 1.35294 -0.77394 0.20059 0.40861
847 0.81908 -0.77191 0.20245 0.40556
848 0.21082 -0.76980 0.20438 0.40241
849 -0.37367 -0.76750 0.20639 0.39899
850 -0.84698 -0.76527 0.20842 0.39573
851 -1.14677 -0.76292 0.21044 0.39230
852 -1.24490 -0.76054 0.21255 0.38887
853 -1.14999 -0.75808 0.21463 0.38532
854 -0.90309 -0.75537 0.21688 0.38145
855 -0.56763 -0.75296 0.21899 0.37810
856 -0.21574 -0.75024 0.22114 0.37426
857 0.08626 -0.74741 0.22358 0.37041
858 0.29044 -0.74460 0.22594 0.36659
859 0.37543 -0.74163 0.22837 0.36260
860 0.34876 -0.73856 0.23065 0.35840
861 0.24317 -0.73545 0.23314 0.35432
862 0.10760 -0.73225 0.23569 0.35017
863 -0.00487 -0.72882 0.23821 0.34566
864 -0.04984 -0.72542 0.24092 0.34139
865 -0.00222 -0.72188 0.24363 0.33694
866 0.13730 -0.71811 0.24637 0.33221
867 0.34166 -0.71434 0.24919 0.32761
868 0.56254 -0.71051 0.25204 0.32302
869 0.74052 -0.70637 0.25514 0.31815
870 0.81807 -0.70197 0.25814 0.31292
871 0.75282 -0.69776 0.26117 0.30811
872 0.52830 -0.69311 0.26430 0.30278
873 0.15989 -0.68837 0.26751 0.29748
874 -0.30540 -0.68348 0.27094 0.29220
875 -0.79566 -0.67837 0.27431 0.28669
876 -1.22609 -0.67313 0.27793 0.28127
877 -1.51433 -0.66753 0.28147 0.27544
878 -1.59617 -0.66183 0.28511 0.26967
879 -1.43867 -0.65585 0.28905 0.26389
880 -1.04812 -0.64969 0.29290 0.25795
881 -0.47116 -0.64313 0.29687 0.25175
882 0.21136 -0.63631 0.30096 0.24549
883 0.89699 -0.62922 0.30515 0.23915
884 1.47843 -0.62171 0.30962 0.23270
885 1.86171 -0.61403 0.31428 0.22639
886 1.98242 -0.60584 0.31887 0.21969
887 1.81716 -0.59731 0.32359 0.21298
888 1.38797 -0.58841 0.32862 0.20632
889 0.75914 -0.57878 0.33378 0.19927
890 0.02661 -0.56907 0.33910 0.19257
891 -0.69794 -0.55855 0.34443 0.18543
892 -1.30560 -0.54745 0.35021 0.17837
893 -1.70815 -0.53570 0.35610 0.17121
894 -1.85217 -0.52345 0.36214 0.16414
895 -1.72689 -0.51031 0.36851 0.15699
896 -1.36467 -0.49653 0.37527 0.15005
897 -0.83396 -0.48168 0.38198 0.14283
898 -0.22636 -0.46604 0.38924 0.13594
899 0.35989 -0.44927 0.39657 0.12896
900 0.83692 -0.43140 0.40448 0.12230
901 1.14161 -0.41224 0.41262 0.11574
902 1.24491 -0.39168 0.42115 0.10942
903 1.15451 -0.36945 0.43006 0.10333
904 0.91075 -0.34548 0.43950 0.09766
905 0.57664 -0.31953 0.44939 0.09245
906 0.22430 -0.29136 0.45982 0.08781
907 -0.07966 -0.26073 0.47074 0.08385
908 -0.28671 -0.22740 0.48263 0.08102
909 -0.37474 -0.19063 0.49485 0.07908
910 -0.35060 -0.15018 0.50824 0.07888
911 -0.24644 -0.10524 0.52216 0.08050
912 -0.11097 -0.05539 0.53735 0.08515
913 0.00270 0.00066 0.55364 0.09395
914 0.04979 0.06356 0.57137 0.10923
915 0.00463 0.13506 0.59037 0.13452
916 -0.13280 0.21691 0.61114 0.17685
917 -0.33604 0.31145 0.63414 0.24914
918 -0.55721 0.42200 0.65970 0.37612
919 -0.73702 0.55280 0.68824 0.60725
920 -0.81773 0.70979 0.72063 1.04673
921 -0.75644 0.90193 0.75793 1.92640
922 -0.53590 1.14236 0.80170 3.79358
923 -0.17069 1.45149 0.85437 8.04723
924 0.29295 1.86375 0.92007 18.66332
925 0.78360 2.44029 1.00571 48.53167
926 1.21661 3.30374 1.12537 148.38093
927 1.50935 4.73754 1.31113 583.86920
928 1.59699 7.58245 1.65821 3629.25079
929 1.44565 15.92758 2.62773 67908.56559
930 1.06060 494.75495 56.65008 61499877128.18040
931 0.48750 -19.31409 -1.27997 140379.39429
932 -0.19356 -10.03173 -0.19504 10135.18367
933 -0.88045 -7.01475 0.18792 2424.77654
934 -1.46579 -5.52212 0.40401 939.85676
935 -1.85504 -4.63321 0.55840 474.30091
936 -1.98289 -4.04471 0.68663 283.28668
937 -1.82480 -3.62750 0.80459 190.60865
938 -1.40167 -3.31759 0.92213 140.58270
939 -0.77682 -3.07981 1.04636 111.93870
940 -0.04557 -2.89286 1.18404 95.46438
941 0.68058 -2.74387 1.34280 87.08553
942 1.29241 -2.62477 1.53352 85.39751
943 1.70100 -2.53006 1.77134 90.98952
944 1.85189 -2.45777 2.08198 107.64650
945 1.73322 -2.40780 2.50946 146.28647
946 1.37629 -2.38495 3.14311 242.33521
947 0.84878 -2.40359 4.18825 543.76052
948 0.24191 -2.51155 6.25586 2065.12590
949 -0.34605 -2.94595 12.34035 25909.01386
950 -0.82676 -41.65047 497.92741 62333347475.45554
951 -1.13633 -0.84400 -12.90391 27963.63477
952 -1.24479 -1.33037 -6.34058 1761.71867
953 -1.15892 -1.46807 -4.18651 387.38344
954 -0.91834 -1.52239 -3.11389 144.33584
955 -0.58565 -1.54516 -2.47052 72.09698
956 -0.23289 -1.55323 -2.04128 43.28786
957 0.07300 -1.55352 -1.73385 29.37282
958 0.28290 -1.54962 -1.50257 21.70661
959 0.37398 -1.54319 -1.32193 17.04803
960 0.35238 -1.53552 -1.17711 14.01306
961 0.24970 -1.52696 -1.05770 11.90491
962 0.11435 -1.51835 -0.95787 10.38710
963 -0.00048 -1.50953 -0.87283 9.24478
964 -0.04967 -1.50072 -0.79950 8.35994
965 -0.00697 -1.49214 -0.73536 7.65767
966 0.12834 -1.48389 -0.67916 7.09251
967 0.33042 -1.47588 -0.62909 6.62543
968 0.55185 -1.46813 -0.58407 6.23278
969 0.73346 -1.46062 -0.54353 5.89925
970 0.81731 -1.45374 -0.50673 5.61760
971 0.75995 -1.44703 -0.47305 5.37166
972 0.54341 -1.44061 -0.44214 5.15677
973 0.18142 -1.43457 -0.41371 4.96914
974 -0.28052 -1.42875 -0.38725 4.80181
975 -0.77150 -1.42329 -0.36269 4.65399
976 -1.20703 -1.41808 -0.33968 4.52129
977 -1.50425 -1.41316 -0.31800 4.40217
978 -1.59766 -1.40855 -0.29776 4.29598
979 -1.45249 -1.40434 -0.27845 4.20131
980 -1.07296 -1.40025 -0.26026 4.11457
981 -0.50376 -1.39627 -0.24285 4.03422
982 0.17576 -1.39273 -0.22642 3.96389
983 0.86385 -1.38946 -0.21068 3.90061
984 1.45302 -1.38625 -0.19551 3.84127
985 1.84820 -1.38350 -0.18078 3.78986
986 1.98317 -1.38056 -0.16665 3.73923
987 1.83226 -1.37823 -0.15317 3.69785
988 1.41524 -1.37590 -0.13990 3.65827
989 0.79444 -1.37384 -0.12706 3.62361
990 0.06453 -1.37190 -0.11452 3.59183
991 -0.66314 -1.37027 -0.10226 3.56495
992 -1.27909 -1.36872 -0.09023 3.54013
993 -1.69368 -1.36735 -0.07864 3.51871
994 -1.85144 -1.36631 -0.06713 3.50178
995 -1.73939 -1.36532 -0.05550 3.48639
996 -1.38780 -1.36450 -0.04432 3.47386
997 -0.86356 -1.36390 -0.03324 3.46454
998 -0.25748 -1.36347 -0.02199 3.45786
999 0.33213 -1.36323 -0.01092 3.45413
