0.00000
-0.00000
-0.00000
0.00000
0.00000
-0.00000
0.00000
0.00000
-0.00000
-0.00000
0.00000
-0.00000
-0.00000
0.00000
0.00000
-0.00000
0.00000
0.00000
-0.00000
-0.00000
0.00000
-0.00000
-0.00000
0.00000
0.00000
-0.00000
0.00000
0.00000
-0.00000
-0.00000
0.00000
-0.00000
-0.00000
0.00000
0.00000
-0.00000
0.00000
0.00000
-0.00000
-0.00000
0.00000
-0.00000
-0.00000
0.00000
0.00000
-0.00000
0.00000
0.00000
-0.00000
-0.00000
0.00000
-0.00000
-0.00000
0.00000
0.00000
-0.00000
0.00000
0.00000
-0.00000
-0.00000
0.00000
-0.00000
-0.00000
0.00000
0.00000
-0.00000
0.00000
0.00000
-0.00000
-0.00000
0.00000
-0.00000
-0.00000
0.00000
0.00000
-0.00000
0.00000
0.00000
-0.00000
-0.00000
0.00000
-0.00000
-0.00000
0.00000
0.00000
-0.00000
0.00000
0.00000
-0.00000
-0.00000
0.00000
-0.00000
-0.00000
0.00000
0.00000
-0.00000
0.00000
0.00000
-0.00000
-0.00000
0.00159
-0.00050
-0.00128
0.00130
0.00048
-0.00159
0.00051
0.00127
-0.00131
-0.00046
0.00159
-0.00053
-0.00126
0.00132
0.00044
-0.00159
0.00055
0.00125
-0.00133
-0.00043
0.00159
-0.00056
-0.00124
0.00134
0.00041
-0.00159
0.00058
0.00123
-0.00135
-0.00039
0.00159
-0.00060
-0.00122
0.00135
0.00037
-0.00159
0.00061
0.00121
-0.00136
-0.00036
0.00159
-0.00063
-0.00119
0.00137
0.00034
-0.00158
0.00065
0.00118
-0.00138
-0.00032
0.00158
-0.00066
-0.00117
0.00139
0.00031
-0.00158
0.00068
0.00116
-0.00140
-0.00029
0.00158
-0.00069
-0.00115
0.00141
0.00027
-0.00158
0.00071
0.00113
-0.00142
-0.00025
0.00157
-0.00073
-0.00112
0.00142
0.00024
-0.00157
0.00074
0.00111
-0.00143
-0.00022
0.00157
-0.00076
-0.00110
0.00144
0.00020
-0.00156
0.00077
0.00108
-0.00145
-0.00018
0.00156
-0.00079
-0.00107
0.00145
0.00016
-0.00156
0.00080
0.00106
-0.00146
-0.00015
-0.00319
0.00099
0.00257
-0.00259
-0.00095
0.00319
-0.00103
-0.00255
0.00261
0.00092
-0.00318
0.00106
0.00252
-0.00263
-0.00089
0.00318
-0.00109
-0.00250
0.00265
0.00085
-0.00318
0.00113
0.00248
-0.00267
-0.00082
0.00318
-0.00116
-0.00246
0.00269
0.00078
-0.00318
0.00119
0.00244
-0.00271
-0.00075
0.00318
-0.00123
-0.00241
0.00273
0.00072
-0.00317
0.00126
0.00239
-0.00275
-0.00068
0.00317
-0.00129
-0.00237
0.00276
0.00065
-0.00317
0.00132
0.00234
-0.00278
-0.00061
0.00316
-0.00136
-0.00232
0.00280
0.00058
-0.00316
0.00139
0.00229
-0.00281
-0.00054
0.00315
-0.00142
-0.00227
0.00283
0.00051
-0.00315
0.00145
0.00224
-0.00285
-0.00047
0.00314
-0.00148
-0.00222
0.00286
0.00044
-0.00313
0.00151
0.00219
-0.00288
-0.00040
0.00313
-0.00155
-0.00217
0.00289
0.00037
-0.00312
0.00158
0.00214
-0.00291
-0.00033
0.00311
-0.00161
-0.00211
0.00292
0.00029
0.00478
-0.00149
-0.00385
0.00389
0.00143
-0.00478
0.00154
0.00382
-0.00392
-0.00138
0.00478
-0.00159
-0.00379
0.00395
0.00133
-0.00478
0.00164
0.00375
-0.00398
-0.00128
0.00477
-0.00169
-0.00372
0.00401
0.00123
-0.00477
0.00174
0.00369
-0.00404
-0.00118
0.00477
-0.00179
-0.00365
0.00406
0.00112
-0.00476
0.00184
0.00362
-0.00409
-0.00107
0.00476
-0.00189
-0.00358
0.00412
0.00102
-0.00475
0.00194
0.00355
-0.00415
-0.00097
0.00475
-0.00199
-0.00351
0.00417
0.00092
-0.00474
0.00203
0.00348
-0.00420
-0.00086
0.00473
-0.00208
-0.00344
0.00422
0.00081
-0.00473
0.00213
0.00340
-0.00425
-0.00076
0.00472
-0.00218
-0.00336
0.00427
0.00071
-0.00471
0.00223
0.00333
-0.00429
-0.00065
0.00470
-0.00227
-0.00329
0.00432
0.00060
-0.00469
0.00232
0.00325
-0.00434
-0.00055
0.00468
-0.00237
-0.00321
0.00436
0.00049
-0.00467
0.00241
0.00317
-0.00438
-0.00044
-0.00637
0.00199
0.00513
-0.00518
-0.00191
0.00637
-0.00205
-0.00509
0.00522
0.00184
-0.00637
0.00212
0.00505
-0.00526
-0.00177
0.00637
-0.00219
-0.00501
0.00530
0.00171
-0.00636
0.00225
0.00496
-0.00534
-0.00164
0.00636
-0.00232
-0.00492
0.00538
0.00157
-0.00636
0.00239
0.00487
-0.00542
-0.00150
0.00635
-0.00245
-0.00482
0.00545
0.00143
-0.00634
0.00252
0.00478
-0.00549
-0.00136
0.00634
-0.00258
-0.00473
0.00553
0.00129
-0.00633
0.00265
0.00468
-0.00556
-0.00122
0.00632
-0.00271
-0.00463
0.00560
0.00115
-0.00631
0.00278
0.00459
-0.00563
-0.00108
0.00630
-0.00284
-0.00454
0.00566
0.00101
-0.00629
0.00290
0.00449
-0.00569
-0.00094
0.00628
-0.00297
-0.00443
0.00573
0.00087
-0.00627
0.00303
0.00438
-0.00576
-0.00080
0.00626
-0.00309
-0.00433
0.00579
0.00073
-0.00624
0.00315
0.00428
-0.00582
-0.00066
0.00623
-0.00322
-0.00423
0.00585
0.00059
0.00796
-0.00248
-0.00642
0.00648
0.00239
-0.00796
0.00257
0.00636
-0.00653
-0.00230
0.00796
-0.00265
-0.00631
0.00658
0.00222
-0.00796
0.00274
0.00626
-0.00663
-0.00213
0.00795
-0.00282
-0.00620
0.00668
0.00205
-0.00795
0.00290
0.00615
-0.00673
-0.00196
0.00794
-0.00298
-0.00609
0.00677
0.00187
-0.00794
0.00307
0.00603
-0.00682
-0.00179
0.00793
-0.00315
-0.00597
0.00686
0.00170
-0.00792
0.00323
0.00591
-0.00691
-0.00161
0.00791
-0.00331
-0.00585
0.00695
0.00153
-0.00790
0.00339
0.00579
-0.00700
-0.00144
0.00789
-0.00347
-0.00573
0.00704
0.00135
-0.00788
0.00355
0.00567
-0.00708
-0.00126
0.00787
-0.00363
-0.00561
0.00712
0.00118
-0.00785
0.00371
0.00554
-0.00716
-0.00109
0.00784
-0.00379
-0.00548
0.00720
0.00100
-0.00782
0.00386
0.00541
-0.00723
-0.00091
0.00780
-0.00394
-0.00535
0.00727
0.00082
-0.00778
0.00402
0.00528
-0.00731
-0.00074
-0.00956
0.00298
0.00770
-0.00777
-0.00286
0.00956
-0.00308
-0.00764
0.00783
0.00276
-0.00955
0.00318
0.00757
-0.00789
-0.00266
0.00955
-0.00328
-0.00751
0.00795
0.00256
-0.00955
0.00338
0.00744
-0.00801
-0.00246
0.00954
-0.00348
-0.00737
0.00807
0.00235
-0.00953
0.00358
0.00731
-0.00813
-0.00225
0.00953
-0.00368
-0.00724
0.00818
0.00215
-0.00952
0.00378
0.00717
-0.00824
-0.00204
0.00951
-0.00387
-0.00710
0.00829
0.00194
-0.00950
0.00397
0.00702
-0.00834
-0.00183
0.00948
-0.00407
-0.00695
0.00839
0.00173
-0.00947
0.00416
0.00688
-0.00844
-0.00162
0.00945
-0.00426
-0.00680
0.00849
0.00152
-0.00944
0.00436
0.00673
-0.00854
-0.00141
0.00942
-0.00445
-0.00665
0.00859
0.00131
-0.00940
0.00454
0.00658
-0.00864
-0.00120
0.00938
-0.00464
-0.00650
0.00868
0.00110
-0.00936
0.00473
0.00642
-0.00872
-0.00099
0.00934
-0.00482
-0.00634
0.00877
0.00088
0.01115
-0.00348
-0.00898
0.00907
0.00334
-0.01115
0.00359
0.00891
-0.00914
-0.00322
0.01115
-0.00371
-0.00884
0.00921
0.00310
-0.01114
0.00383
0.00876
-0.00928
-0.00298
0.01114
-0.00395
-0.00868
0.00935
0.00286
-0.01113
0.00406
0.00860
-0.00942
-0.00274
0.01112
-0.00418
-0.00852
0.00948
0.00262
-0.01111
0.00429
0.00844
-0.00955
-0.00250
0.01110
-0.00441
-0.00836
0.00961
0.00238
-0.01109
0.00452
0.00828
-0.00967
-0.00226
0.01108
-0.00463
-0.00819
0.00973
0.00214
-0.01106
0.00475
0.00811
-0.00979
-0.00202
0.01105
-0.00486
-0.00802
0.00985
0.00189
-0.01103
0.00497
0.00794
-0.00991
-0.00177
0.01101
-0.00508
-0.00785
0.00997
0.00165
-0.01099
0.00519
0.00776
-0.01002
-0.00152
0.01097
-0.00530
-0.00767
0.01007
0.00140
-0.01095
0.00541
0.00758
-0.01013
-0.00128
0.01092
-0.00552
-0.00749
0.01018
0.00115
-0.01090
0.00563
0.00740
-0.01023
-0.00103
-0.01274
0.00397
0.01027
-0.01036
-0.00382
0.01274
-0.00411
-0.01018
0.01045
0.00368
-0.01274
0.00424
0.01010
-0.01053
-0.00355
0.01273
-0.00438
-0.01001
0.01061
0.00341
-0.01273
0.00451
0.00992
-0.01068
-0.00327
0.01272
-0.00464
-0.00983
0.01076
0.00314
-0.01271
0.00477
0.00974
-0.01084
-0.00300
0.01270
-0.00491
-0.00965
0.01091
0.00286
-0.01269
0.00504
0.00956
-0.01098
-0.00272
0.01268
-0.00517
-0.00946
0.01105
0.00258
-0.01266
0.00530
0.00937
-0.01112
-0.00244
0.01264
-0.00542
-0.00927
0.01119
0.00230
-0.01263
0.00555
0.00917
-0.01126
-0.00216
0.01261
-0.00568
-0.00907
0.01133
0.00202
-0.01258
0.00581
0.00897
-0.01139
-0.00188
0.01256
-0.00593
-0.00887
0.01145
0.00174
-0.01254
0.00606
0.00877
-0.01151
-0.00160
0.01251
-0.00618
-0.00866
0.01157
0.00146
-0.01248
0.00631
0.00856
-0.01163
-0.00132
0.01245
-0.00643
-0.00845
0.01169
0.00118
0.01433
-0.00447
-0.01155
0.01166
0.00430
-0.01433
0.00462
0.01146
-0.01175
-0.00414
0.01433
-0.00477
-0.01136
0.01184
0.00399
-0.01432
0.00492
0.01126
-0.01193
-0.00384
0.01432
-0.00507
-0.01116
0.01202
0.00368
-0.01431
0.00522
0.01106
-0.01211
-0.00353
0.01430
-0.00537
-0.01096
0.01219
0.00337
-0.01429
0.00552
0.01085
-0.01227
-0.00322
0.01428
-0.00567
-0.01075
0.01236
0.00306
-0.01426
0.00581
0.01064
-0.01244
-0.00291
0.01424
-0.00596
-0.01054
0.01251
0.00275
-0.01422
0.00610
0.01043
-0.01259
-0.00259
0.01420
-0.00625
-0.01032
0.01267
0.00243
-0.01418
0.00639
0.01020
-0.01274
-0.00228
0.01416
-0.00653
-0.01009
0.01281
0.00212
-0.01413
0.00667
0.00998
-0.01288
-0.00196
0.01410
-0.00682
-0.00986
0.01295
0.00180
-0.01407
0.00696
0.00975
-0.01302
-0.00164
0.01404
-0.00710
-0.00963
0.01309
0.00148
-0.01401
0.00723
0.00951
-0.01315
-0.00133
-0.01593
0.00497
0.01283
-0.01295
-0.00477
0.01592
-0.00514
-0.01273
0.01306
0.00460
-0.01592
0.00530
0.01262
-0.01316
-0.00443
0.01592
-0.00547
-0.01251
0.01326
0.00426
-0.01591
0.00564
0.01240
-0.01335
-0.00409
0.01590
-0.00580
-0.01229
0.01345
0.00392
-0.01589
0.00597
0.01218
-0.01354
-0.00375
0.01588
-0.00613
-0.01206
0.01364
0.00357
-0.01586
0.00630
0.01194
-0.01373
-0.00340
0.01584
-0.00646
-0.01183
0.01382
0.00323
-0.01583
0.00662
0.01171
-0.01390
-0.00305
0.01580
-0.00678
-0.01159
0.01399
0.00288
-0.01578
0.00694
0.01146
-0.01407
-0.00270
0.01576
-0.00710
-0.01134
0.01416
0.00253
-0.01573
0.00726
0.01121
-0.01424
-0.00235
0.01570
-0.00742
-0.01109
0.01432
0.00218
-0.01567
0.00757
0.01096
-0.01439
-0.00200
0.01564
-0.00773
-0.01083
0.01447
0.00183
-0.01560
0.00788
0.01070
-0.01454
-0.00165
0.01557
-0.00804
-0.01057
0.01461
0.00147
0.01752
-0.00546
-0.01412
0.01425
0.00525
-0.01752
0.00565
0.01400
-0.01436
-0.00506
0.01751
-0.00583
-0.01388
0.01447
0.00488
-0.01751
0.00602
0.01376
-0.01458
-0.00469
0.01750
-0.00620
-0.01364
0.01469
0.00450
-0.01749
0.00638
0.01352
-0.01479
-0.00431
0.01748
-0.00656
-0.01339
0.01490
0.00412
-0.01746
0.00674
0.01327
-0.01500
-0.00393
0.01745
-0.00692
-0.01314
0.01510
0.00374
-0.01743
0.00710
0.01301
-0.01520
-0.00355
0.01741
-0.00728
-0.01288
0.01529
0.00336
-0.01739
0.00746
0.01274
-0.01539
-0.00317
0.01736
-0.00764
-0.01261
0.01548
0.00298
-0.01733
0.00781
0.01247
-0.01557
-0.00278
0.01730
-0.00798
-0.01233
0.01566
0.00259
-0.01727
0.00816
0.01220
-0.01575
-0.00240
0.01724
-0.00833
-0.01205
0.01583
0.00220
-0.01720
0.00850
0.01191
-0.01591
-0.00201
0.01716
-0.00867
-0.01177
0.01599
0.00181
-0.01712
0.00884
0.01162
-0.01607
-0.00162
-0.01911
0.00596
0.01540
-0.01554
-0.00573
0.01911
-0.00616
-0.01527
0.01567
0.00553
-0.01911
0.00636
0.01515
-0.01579
-0.00532
0.01910
-0.00656
-0.01501
0.01591
0.00512
-0.01909
0.00676
0.01488
-0.01602
-0.00491
0.01908
-0.00696
-0.01475
0.01614
0.00470
-0.01907
0.00716
0.01461
-0.01625
-0.00450
0.01905
-0.00736
-0.01447
0.01636
0.00429
-0.01903
0.00755
0.01433
-0.01647
-0.00408
0.01901
-0.00775
-0.01419
0.01658
0.00387
-0.01899
0.00794
0.01405
-0.01668
-0.00366
0.01897
-0.00814
-0.01390
0.01679
0.00346
-0.01894
0.00833
0.01375
-0.01689
-0.00325
0.01891
-0.00852
-0.01361
0.01699
0.00304
-0.01888
0.00871
0.01346
-0.01708
-0.00282
0.01884
-0.00890
-0.01330
0.01718
0.00261
-0.01880
0.00909
0.01315
-0.01727
-0.00240
0.01877
-0.00927
-0.01299
0.01736
0.00219
-0.01872
0.00946
0.01284
-0.01745
-0.00198
0.01868
-0.00964
-0.01268
0.01753
0.00177
0.02070
-0.00646
-0.01668
0.01684
0.00621
-0.02070
0.00668
0.01655
-0.01697
-0.00599
0.02070
-0.00689
-0.01641
0.01710
0.00576
-0.02069
0.00711
0.01627
-0.01723
-0.00554
0.02068
-0.00733
-0.01612
0.01736
0.00532
-0.02067
0.00754
0.01598
-0.01748
-0.00510
0.02066
-0.00776
-0.01583
0.01761
0.00487
-0.02064
0.00797
0.01568
-0.01773
-0.00465
0.02062
-0.00818
-0.01553
0.01785
0.00442
-0.02060
0.00840
0.01537
-0.01796
-0.00420
0.02057
-0.00861
-0.01522
0.01808
0.00397
-0.02055
0.00881
0.01506
-0.01819
-0.00374
0.02052
-0.00902
-0.01490
0.01830
0.00352
-0.02048
0.00923
0.01474
-0.01840
-0.00329
0.02045
-0.00944
-0.01458
0.01851
0.00306
-0.02041
0.00964
0.01441
-0.01861
-0.00283
0.02037
-0.00984
-0.01425
0.01871
0.00260
-0.02033
0.01005
0.01408
-0.01881
-0.00237
0.02028
-0.01025
-0.01391
0.01890
0.00214
-0.02024
0.01045
0.01374
-0.01900
-0.00191
-0.02230
0.00695
0.01797
-0.01813
-0.00668
0.02229
-0.00719
-0.01782
0.01828
0.00645
-0.02229
0.00742
0.01767
-0.01842
-0.00621
0.02228
-0.00766
-0.01752
0.01856
0.00597
-0.02227
0.00789
0.01736
-0.01870
-0.00573
0.02226
-0.00812
-0.01720
0.01883
0.00549
-0.02224
0.00835
0.01705
-0.01896
-0.00525
0.02223
-0.00858
-0.01688
0.01909
0.00500
-0.02221
0.00881
0.01672
-0.01922
-0.00476
0.02218
-0.00904
-0.01656
0.01934
0.00452
-0.02215
0.00927
0.01639
-0.01947
-0.00428
0.02213
-0.00949
-0.01622
0.01959
0.00403
-0.02209
0.00972
0.01605
-0.01970
-0.00379
0.02206
-0.00994
-0.01587
0.01982
0.00354
-0.02202
0.01016
0.01570
-0.01993
-0.00330
0.02198
-0.01038
-0.01552
0.02004
0.00305
-0.02194
0.01060
0.01534
-0.02015
-0.00280
0.02189
-0.01082
-0.01516
0.02025
0.00256
-0.02184
0.01104
0.01498
-0.02036
-0.00231
0.02179
-0.01125
-0.01479
0.02046
0.00206
0.02389
-0.00745
-0.01925
0.01943
0.00716
-0.02389
0.00770
0.01909
-0.01958
-0.00691
0.02388
-0.00795
-0.01893
0.01973
0.00665
-0.02387
0.00821
0.01877
-0.01988
-0.00639
0.02386
-0.00845
-0.01860
0.02003
0.00614
-0.02385
0.00870
0.01843
-0.02017
-0.00588
0.02383
-0.00895
-0.01826
0.02032
0.00562
-0.02381
0.00920
0.01809
-0.02045
-0.00536
0.02379
-0.00944
-0.01792
0.02059
0.00510
-0.02377
0.00969
0.01774
-0.02072
-0.00484
0.02374
-0.00993
-0.01756
0.02086
0.00458
-0.02371
0.01017
0.01738
-0.02098
-0.00432
0.02367
-0.01041
-0.01719
0.02111
0.00406
-0.02363
0.01065
0.01701
-0.02123
-0.00379
0.02359
-0.01089
-0.01682
0.02135
0.00353
-0.02355
0.01112
0.01663
-0.02147
-0.00327
0.02351
-0.01136
-0.01644
0.02159
0.00300
-0.02346
0.01159
0.01624
-0.02170
-0.00274
0.02340
-0.01182
-0.01605
0.02181
0.00247
-0.02335
0.01206
0.01585
-0.02192
-0.00221
-0.02548
0.00795
0.02053
-0.02073
-0.00764
0.02548
-0.00822
-0.02037
0.02089
0.00737
-0.02547
0.00848
0.02019
-0.02105
-0.00709
0.02546
-0.00875
-0.02002
0.02121
0.00682
-0.02545
0.00902
0.01984
-0.02137
-0.00655
0.02544
-0.00928
-0.01966
0.02152
0.00627
-0.02542
0.00955
0.01948
-0.02167
-0.00600
0.02540
-0.00981
-0.01930
0.02182
0.00572
-0.02538
0.01007
0.01911
-0.02196
-0.00544
0.02535
-0.01033
-0.01892
0.02211
0.00516
-0.02532
0.01059
0.01873
-0.02225
-0.00489
0.02529
-0.01085
-0.01854
0.02238
0.00461
-0.02525
0.01110
0.01834
-0.02252
-0.00433
0.02521
-0.01136
-0.01814
0.02265
0.00405
-0.02517
0.01161
0.01794
-0.02278
-0.00377
0.02512
-0.01187
-0.01774
0.02290
0.00349
-0.02507
0.01212
0.01753
-0.02303
-0.00320
0.02502
-0.01237
-0.01732
0.02315
0.00292
-0.02496
0.01261
0.01712
-0.02326
-0.00264
0.02491
-0.01286
-0.01690
0.02338
0.00236
0.02707
-0.00844
-0.02182
0.02202
0.00812
-0.02707
0.00873
0.02164
-0.02219
-0.00783
0.02706
-0.00901
-0.02145
0.02237
0.00754
-0.02706
0.00930
0.02127
-0.02253
-0.00725
0.02704
-0.00958
-0.02108
0.02270
0.00696
-0.02703
0.00986
0.02089
-0.02286
-0.00666
0.02701
-0.01014
-0.02070
0.02302
0.00637
-0.02699
0.01042
0.02050
-0.02318
-0.00608
0.02696
-0.01070
-0.02030
0.02334
0.00578
-0.02693
0.01098
0.02010
-0.02349
-0.00549
0.02690
-0.01125
-0.01990
0.02364
0.00519
-0.02687
0.01153
0.01969
-0.02378
-0.00489
0.02683
-0.01180
-0.01948
0.02392
0.00460
-0.02678
0.01207
0.01927
-0.02406
-0.00430
0.02674
-0.01234
-0.01906
0.02420
0.00400
-0.02669
0.01261
0.01885
-0.02433
-0.00370
0.02664
-0.01287
-0.01863
0.02446
0.00340
-0.02658
0.01314
0.01841
-0.02459
-0.00310
0.02652
-0.01340
-0.01819
0.02472
0.00280
-0.02646
0.01366
0.01796
-0.02484
-0.00250
-0.02866
0.00894
0.02310
-0.02331
-0.00859
0.02866
-0.00924
-0.02291
0.02350
0.00829
-0.02866
0.00955
0.02272
-0.02368
-0.00798
0.02865
-0.00985
-0.02252
0.02386
0.00767
-0.02863
0.01015
0.02232
-0.02404
-0.00736
0.02862
-0.01044
-0.02212
0.02421
0.00706
-0.02860
0.01074
0.02191
-0.02438
-0.00675
0.02857
-0.01104
-0.02171
0.02454
0.00643
-0.02855
0.01133
0.02150
-0.02471
-0.00612
0.02852
-0.01162
-0.02128
0.02487
0.00581
-0.02848
0.01191
0.02107
-0.02503
-0.00550
0.02845
-0.01220
-0.02085
0.02518
0.00518
-0.02840
0.01249
0.02063
-0.02533
-0.00487
0.02836
-0.01278
-0.02041
0.02548
0.00455
-0.02831
0.01306
0.02018
-0.02562
-0.00424
0.02826
-0.01335
-0.01995
0.02577
0.00392
-0.02820
0.01363
0.01972
-0.02590
-0.00360
0.02815
-0.01391
-0.01949
0.02604
0.00329
-0.02808
0.01419
0.01925
-0.02617
-0.00297
0.02802
-0.01447
-0.01902
0.02630
0.00265
0.03026
-0.00944
-0.02438
0.02461
0.00907
-0.03025
0.00976
0.02418
-0.02480
-0.00875
0.03025
-0.01008
-0.02398
0.02500
0.00842
-0.03024
0.01039
0.02377
-0.02518
-0.00810
0.03022
-0.01071
-0.02356
0.02537
0.00777
-0.03021
0.01102
0.02335
-0.02555
-0.00745
0.03019
-0.01134
-0.02313
0.02573
0.00712
-0.03016
0.01165
0.02291
-0.02591
-0.00679
0.03013
-0.01196
-0.02269
0.02608
0.00646
-0.03010
0.01227
0.02247
-0.02625
-0.00613
0.03007
-0.01258
-0.02224
0.02642
0.00580
-0.03003
0.01288
0.02201
-0.02658
-0.00547
0.02998
-0.01319
-0.02178
0.02674
0.00514
-0.02994
0.01349
0.02154
-0.02689
-0.00481
0.02988
-0.01379
-0.02130
0.02705
0.00447
-0.02983
0.01409
0.02106
-0.02720
-0.00414
0.02977
-0.01439
-0.02082
0.02734
0.00380
-0.02971
0.01468
0.02057
-0.02748
-0.00347
0.02964
-0.01498
-0.02032
0.02762
0.00313
-0.02957
0.01527
0.02007
-0.02776
-0.00280
-0.03185
0.00993
0.02567
-0.02590
-0.00955
0.03185
-0.01027
-0.02545
0.02611
0.00921
-0.03184
0.01061
0.02524
-0.02631
-0.00887
0.03183
-0.01094
-0.02502
0.02651
0.00853
-0.03181
0.01127
0.02480
-0.02670
-0.00818
0.03180
-0.01160
-0.02458
0.02690
0.00784
-0.03177
0.01193
0.02435
-0.02709
-0.00749
0.03175
-0.01226
-0.02412
0.02727
0.00715
-0.03172
0.01259
0.02389
-0.02745
-0.00680
0.03168
-0.01291
-0.02365
0.02763
0.00646
-0.03165
0.01324
0.02341
-0.02781
-0.00611
0.03161
-0.01356
-0.02317
0.02798
0.00576
-0.03156
0.01388
0.02292
-0.02814
-0.00541
0.03151
-0.01420
-0.02267
0.02831
0.00506
-0.03146
0.01452
0.02242
-0.02847
-0.00471
0.03140
-0.01483
-0.02217
0.02863
0.00436
-0.03134
0.01514
0.02191
-0.02878
-0.00400
0.03127
-0.01546
-0.02165
0.02893
0.00365
-0.03120
0.01577
0.02139
-0.02908
-0.00330
0.03113
-0.01607
-0.02113
0.02922
0.00295
0.03344
-0.01043
-0.02695
0.02720
0.01002
-0.03344
0.01078
0.02673
-0.02741
-0.00967
0.03343
-0.01114
-0.02650
0.02763
0.00931
-0.03342
0.01149
0.02627
-0.02783
-0.00895
0.03341
-0.01184
-0.02604
0.02804
0.00859
-0.03339
0.01218
0.02580
-0.02824
-0.00823
0.03336
-0.01253
-0.02557
0.02844
0.00787
-0.03334
0.01287
0.02532
-0.02863
-0.00751
0.03330
-0.01322
-0.02508
0.02882
0.00714
-0.03327
0.01356
0.02483
-0.02901
-0.00678
0.03323
-0.01390
-0.02458
0.02919
0.00641
-0.03319
0.01424
0.02433
-0.02937
-0.00605
0.03314
-0.01457
-0.02407
0.02955
0.00568
-0.03309
0.01491
0.02381
-0.02972
-0.00531
0.03303
-0.01524
-0.02354
0.02989
0.00494
-0.03297
0.01557
0.02328
-0.03006
-0.00457
0.03290
-0.01590
-0.02301
0.03022
0.00420
-0.03284
0.01623
0.02274
-0.03038
-0.00383
0.03276
-0.01655
-0.02246
0.03053
0.00346
-0.03269
0.01688
0.02218
-0.03068
-0.00309
-0.03503
0.01093
0.02823
-0.02849
-0.01050
0.03503
-0.01130
-0.02800
0.02872
0.01013
-0.03502
0.01167
0.02776
-0.02894
-0.00975
0.03501
-0.01203
-0.02752
0.02916
0.00938
-0.03500
0.01240
0.02728
-0.02937
-0.00900
0.03498
-0.01276
-0.02703
0.02959
0.00862
-0.03495
0.01313
0.02678
-0.02979
-0.00824
0.03492
-0.01349
-0.02653
0.03000
0.00786
-0.03489
0.01385
0.02627
-0.03020
-0.00748
0.03485
-0.01421
-0.02601
0.03039
0.00710
-0.03481
0.01456
0.02575
-0.03058
-0.00672
0.03476
-0.01492
-0.02548
0.03077
0.00633
-0.03471
0.01527
0.02521
-0.03096
-0.00595
0.03466
-0.01562
-0.02494
0.03114
0.00556
-0.03460
0.01597
0.02467
-0.03132
-0.00518
0.03454
-0.01631
-0.02439
0.03149
0.00479
-0.03447
0.01666
0.02410
-0.03166
-0.00440
0.03440
-0.01700
-0.02382
0.03182
0.00402
-0.03432
0.01734
0.02353
-0.03198
-0.00363
0.03424
-0.01768
-0.02324
0.03214
0.00324
0.03662
-0.01142
-0.02951
0.02979
0.01098
-0.03662
0.01181
0.02927
-0.03002
-0.01059
0.03661
-0.01220
-0.02902
0.03026
0.01020
-0.03660
0.01258
0.02877
-0.03048
-0.00980
0.03659
-0.01296
-0.02852
0.03071
0.00941
-0.03656
0.01334
0.02826
-0.03093
-0.00901
0.03654
-0.01372
-0.02800
0.03115
0.00862
-0.03651
0.01410
0.02773
-0.03136
-0.00822
0.03647
-0.01448
-0.02747
0.03157
0.00782
-0.03644
0.01485
0.02719
-0.03177
-0.00742
0.03639
-0.01522
-0.02692
0.03197
0.00702
-0.03634
0.01559
0.02664
-0.03217
-0.00662
0.03629
-0.01596
-0.02636
0.03236
0.00622
-0.03623
0.01633
0.02607
-0.03255
-0.00582
0.03617
-0.01669
-0.02579
0.03274
0.00541
-0.03611
0.01705
0.02549
-0.03292
-0.00501
0.03604
-0.01742
-0.02520
0.03310
0.00460
-0.03596
0.01777
0.02490
-0.03327
-0.00420
0.03588
-0.01813
-0.02460
0.03344
0.00379
-0.03580
0.01848
0.02430
-0.03360
-0.00339
-0.03821
0.01192
0.03080
-0.03108
-0.01146
0.03821
-0.01232
-0.03054
0.03133
0.01105
-0.03820
0.01273
0.03029
-0.03157
-0.01064
0.03819
-0.01313
-0.03002
0.03181
0.01023
-0.03818
0.01353
0.02976
-0.03204
-0.00982
0.03815
-0.01392
-0.02949
0.03227
0.00941
-0.03813
0.01432
0.02922
-0.03250
-0.00899
0.03810
-0.01471
-0.02894
0.03272
0.00858
-0.03806
0.01511
0.02866
-0.03294
-0.00816
0.03802
-0.01550
-0.02838
0.03315
0.00775
-0.03797
0.01588
0.02809
-0.03336
-0.00733
0.03792
-0.01627
-0.02780
0.03357
0.00691
-0.03787
0.01666
0.02750
-0.03377
-0.00649
0.03781
-0.01704
-0.02721
0.03397
0.00607
-0.03775
0.01742
0.02691
-0.03416
-0.00565
0.03768
-0.01780
-0.02660
0.03435
0.00523
-0.03760
0.01817
0.02629
-0.03453
-0.00480
0.03752
-0.01855
-0.02598
0.03471
0.00438
-0.03744
0.01892
0.02567
-0.03489
-0.00396
0.03735
-0.01929
-0.02535
0.03506
0.00353
0.03981
-0.01242
-0.03208
0.03238
0.01193
-0.03980
0.01284
0.03182
-0.03263
-0.01151
0.03980
-0.01326
-0.03155
0.03289
0.01108
-0.03978
0.01367
0.03127
-0.03313
-0.01066
0.03976
-0.01409
-0.03100
0.03338
0.01023
-0.03974
0.01450
0.03072
-0.03362
-0.00980
0.03971
-0.01492
-0.03043
0.03385
0.00937
-0.03968
0.01533
0.03015
-0.03408
-0.00894
0.03964
-0.01573
-0.02985
0.03431
0.00850
-0.03960
0.01614
0.02956
-0.03453
-0.00807
0.03956
-0.01655
-0.02926
0.03475
0.00763
-0.03950
0.01695
0.02896
-0.03497
-0.00720
0.03945
-0.01735
-0.02865
0.03518
0.00676
-0.03938
0.01775
0.02834
-0.03538
-0.00632
0.03932
-0.01814
-0.02803
0.03558
0.00588
-0.03925
0.01854
0.02771
-0.03578
-0.00544
0.03917
-0.01893
-0.02739
0.03597
0.00500
-0.03909
0.01932
0.02707
-0.03616
-0.00456
0.03900
-0.01970
-0.02674
0.03634
0.00412
-0.03891
0.02009
0.02641
-0.03652
-0.00368
-0.04140
0.01291
0.03336
-0.03367
-0.01241
0.04139
-0.01335
-0.03309
0.03394
0.01197
-0.04139
0.01379
0.03281
-0.03420
-0.01153
0.04137
-0.01422
-0.03252
0.03446
0.01108
-0.04135
0.01465
0.03224
-0.03471
-0.01064
0.04133
-0.01508
-0.03195
0.03496
0.01019
-0.04130
0.01551
0.03165
-0.03521
-0.00974
0.04127
-0.01594
-0.03135
0.03545
0.00929
-0.04123
0.01636
0.03105
-0.03568
-0.00884
0.04119
-0.01679
-0.03074
0.03592
0.00839
-0.04114
0.01721
0.03043
-0.03614
-0.00794
0.04108
-0.01763
-0.03011
0.03637
0.00749
-0.04102
0.01804
0.02980
-0.03658
-0.00703
0.04096
-0.01846
-0.02947
0.03680
0.00658
-0.04089
0.01887
0.02915
-0.03701
-0.00612
0.04081
-0.01928
-0.02882
0.03721
0.00566
-0.04073
0.01969
0.02848
-0.03741
-0.00520
0.04065
-0.02009
-0.02815
0.03761
0.00475
-0.04056
0.02049
0.02781
-0.03780
-0.00429
0.04046
-0.02089
-0.02746
0.03798
0.00383
0.04299
-0.01341
-0.03465
0.03497
0.01289
-0.04299
0.01386
0.03436
-0.03524
-0.01243
0.04298
-0.01432
-0.03407
0.03552
0.01197
-0.04296
0.01477
0.03377
-0.03578
-0.01151
0.04294
-0.01522
-0.03348
0.03605
0.01105
-0.04292
0.01566
0.03317
-0.03631
-0.01058
0.04289
-0.01611
-0.03287
0.03656
0.01012
-0.04285
0.01655
0.03256
-0.03681
-0.00965
0.04281
-0.01699
-0.03224
0.03705
0.00918
-0.04277
0.01743
0.03192
-0.03730
-0.00871
0.04272
-0.01787
-0.03160
0.03753
0.00824
-0.04266
0.01830
0.03127
-0.03776
-0.00777
0.04260
-0.01874
-0.03094
0.03799
0.00730
-0.04253
0.01917
0.03061
-0.03821
-0.00683
0.04246
-0.01959
-0.03027
0.03843
0.00635
-0.04238
0.02002
0.02993
-0.03864
-0.00588
0.04230
-0.02044
-0.02958
0.03885
0.00541
-0.04221
0.02086
0.02923
-0.03905
-0.00493
0.04212
-0.02128
-0.02888
0.03925
0.00445
-0.04202
0.02170
0.02852
-0.03944
-0.00398
-0.04458
0.01390
0.03593
-0.03626
-0.01336
0.04458
-0.01438
-0.03563
0.03655
0.01289
-0.04457
0.01484
0.03533
-0.03683
-0.01241
0.04455
-0.01531
-0.03502
0.03711
0.01193
-0.04453
0.01578
0.03472
-0.03738
-0.01145
0.04451
-0.01624
-0.03440
0.03765
0.01097
-0.04448
0.01670
0.03408
-0.03791
-0.01049
0.04444
-0.01716
-0.03376
0.03817
0.01001
-0.04440
0.01762
0.03343
-0.03843
-0.00952
0.04435
-0.01808
-0.03310
0.03868
0.00904
-0.04430
0.01853
0.03277
-0.03892
-0.00855
0.04424
-0.01898
-0.03243
0.03916
0.00806
-0.04418
0.01943
0.03209
-0.03940
-0.00757
0.04411
-0.01988
-0.03174
0.03963
0.00708
-0.04403
0.02032
0.03139
-0.03985
-0.00659
0.04395
-0.02076
-0.03103
0.04007
0.00610
-0.04387
0.02120
0.03067
-0.04029
-0.00561
0.04377
-0.02163
-0.03031
0.04050
0.00511
-0.04368
0.02207
0.02995
-0.04070
-0.00462
0.04358
-0.02250
-0.02958
0.04090
0.00412
0.04617
-0.01440
-0.03721
0.03755
0.01384
-0.04617
0.01489
0.03690
-0.03785
-0.01335
0.04616
-0.01537
-0.03659
0.03814
0.01285
-0.04614
0.01586
0.03627
-0.03843
-0.01236
0.04612
-0.01634
-0.03595
0.03871
0.01186
-0.04610
0.01682
0.03563
-0.03899
-0.01136
0.04606
-0.01730
-0.03530
0.03927
0.01087
-0.04603
0.01778
0.03497
-0.03953
-0.01036
0.04598
-0.01825
-0.03463
0.03980
0.00986
-0.04593
0.01872
0.03428
-0.04006
-0.00936
0.04588
-0.01919
-0.03394
0.04031
0.00885
-0.04582
0.01966
0.03359
-0.04056
-0.00835
0.04575
-0.02012
-0.03323
0.04080
0.00784
-0.04568
0.02058
0.03287
-0.04104
-0.00733
0.04560
-0.02104
-0.03251
0.04127
0.00682
-0.04552
0.02150
0.03214
-0.04150
-0.00632
0.04543
-0.02196
-0.03177
0.04172
0.00581
-0.04534
0.02241
0.03139
-0.04194
-0.00529
0.04524
-0.02286
-0.03101
0.04215
0.00478
-0.04513
0.02330
0.03063
-0.04236
-0.00427
-0.04776
0.01490
0.03849
-0.03885
-0.01432
0.04776
-0.01540
-0.03817
0.03916
0.01381
-0.04775
0.01590
0.03785
-0.03946
-0.01330
0.04773
-0.01641
-0.03752
0.03976
0.01279
-0.04771
0.01690
0.03719
-0.04005
-0.01227
0.04769
-0.01740
-0.03686
0.04034
0.01176
-0.04765
0.01790
0.03652
-0.04062
-0.01124
0.04761
-0.01839
-0.03617
0.04090
0.01072
-0.04757
0.01888
0.03582
-0.04117
-0.01020
0.04752
-0.01937
-0.03547
0.04144
0.00968
-0.04746
0.01985
0.03511
-0.04170
-0.00916
0.04740
-0.02034
-0.03474
0.04196
0.00864
-0.04733
0.02082
0.03438
-0.04221
-0.00811
0.04726
-0.02129
-0.03400
0.04245
0.00759
-0.04717
0.02177
0.03363
-0.04270
-0.00706
0.04709
-0.02224
-0.03325
0.04293
0.00653
-0.04700
0.02271
0.03286
-0.04316
-0.00601
0.04690
-0.02318
-0.03248
0.04339
0.00548
-0.04680
0.02364
0.03208
-0.04361
-0.00495
0.04669
-0.02410
-0.03169
0.04382
0.00442
0.04935
-0.01539
-0.03977
0.04014
0.01479
-0.04935
0.01591
0.03945
-0.04046
-0.01427
0.04934
-0.01643
-0.03911
0.04077
0.01374
-0.04932
0.01695
0.03877
-0.04108
-0.01321
0.04930
-0.01747
-0.03843
0.04138
0.01268
-0.04927
0.01798
0.03808
-0.04168
-0.01215
0.04924
-0.01849
-0.03773
0.04197
0.01161
-0.04920
0.01900
0.03737
-0.04226
-0.01108
0.04915
-0.01951
-0.03701
0.04254
0.01054
-0.04910
0.02001
0.03665
-0.04282
-0.01000
0.04904
-0.02051
-0.03628
0.04309
0.00946
-0.04898
0.02101
0.03590
-0.04335
-0.00892
0.04891
-0.02151
-0.03552
0.04361
0.00838
-0.04883
0.02200
0.03514
-0.04387
-0.00784
0.04875
-0.02249
-0.03475
0.04412
0.00730
-0.04866
0.02298
0.03436
-0.04436
-0.00675
0.04856
-0.02347
-0.03396
0.04460
0.00621
-0.04846
0.02395
0.03356
-0.04483
-0.00566
0.04835
-0.02443
-0.03315
0.04506
0.00511
-0.04824
0.02491
0.03274
-0.04528
-0.00456
-0.05094
0.01589
0.04106
-0.04144
-0.01527
0.05094
-0.01643
-0.04072
0.04176
0.01473
-0.05093
0.01696
0.04037
-0.04209
-0.01418
0.05091
-0.01750
-0.04002
0.04240
0.01364
-0.05089
0.01803
0.03967
-0.04272
-0.01309
0.05086
-0.01856
-0.03931
0.04302
0.01254
-0.05083
0.01909
0.03895
-0.04332
-0.01199
0.05078
-0.01961
-0.03858
0.04362
0.01144
-0.05074
0.02014
0.03821
-0.04391
-0.01088
0.05068
-0.02066
-0.03783
0.04420
0.01033
-0.05062
0.02118
0.03745
-0.04448
-0.00977
0.05056
-0.02169
-0.03706
0.04475
0.00921
-0.05048
0.02220
0.03667
-0.04502
-0.00865
0.05040
-0.02271
-0.03627
0.04528
0.00809
-0.05032
0.02322
0.03587
-0.04554
-0.00753
0.05023
-0.02372
-0.03546
0.04579
0.00697
-0.05013
0.02422
0.03505
-0.04604
-0.00641
0.05002
-0.02472
-0.03464
0.04628
0.00584
-0.04991
0.02522
0.03422
-0.04651
-0.00528
0.04980
-0.02571
-0.03380
0.04674
0.00471
0.05253
-0.01638
-0.04234
0.04273
0.01575
-0.05253
0.01694
0.04199
-0.04307
-0.01519
0.05252
-0.01749
-0.04163
0.04340
0.01463
-0.05250
0.01804
0.04127
-0.04373
-0.01406
0.05248
-0.01859
-0.04091
0.04405
0.01350
-0.05245
0.01914
0.04054
-0.04437
-0.01293
0.05241
-0.01968
-0.04016
0.04468
0.01236
-0.05237
0.02023
0.03978
-0.04498
-0.01179
0.05232
-0.02077
-0.03940
0.04528
0.01122
-0.05226
0.02130
0.03901
-0.04558
-0.01065
0.05220
-0.02184
-0.03861
0.04586
0.01007
-0.05213
0.02237
0.03822
-0.04615
-0.00950
0.05206
-0.02290
-0.03781
0.04642
0.00892
-0.05198
0.02342
0.03740
-0.04670
-0.00834
0.05189
-0.02394
-0.03699
0.04696
0.00777
-0.05179
0.02446
0.03657
-0.04722
-0.00719
0.05169
-0.02498
-0.03615
0.04747
0.00661
-0.05158
0.02549
0.03572
-0.04772
-0.00602
0.05147
-0.02601
-0.03529
0.04796
0.00544
-0.05135
0.02651
0.03485
-0.04820
-0.00486
-0.05412
0.01688
0.04362
-0.04402
-0.01622
0.05412
-0.01745
-0.04326
0.04437
0.01565
-0.05411
0.01802
0.04289
-0.04471
-0.01507
0.05409
-0.01859
-0.04252
0.04505
0.01449
-0.05407
0.01916
0.04215
-0.04538
-0.01391
0.05404
-0.01972
-0.04177
0.04571
0.01332
-0.05400
0.02028
0.04138
-0.04603
-0.01274
0.05396
-0.02084
-0.04099
0.04634
0.01215
-0.05390
0.02139
0.04059
-0.04665
-0.01156
0.05385
-0.02195
-0.04019
0.04696
0.01097
-0.05378
0.02250
0.03978
-0.04725
-0.01038
0.05371
-0.02304
-0.03937
0.04754
0.00979
-0.05363
0.02359
0.03896
-0.04783
-0.00919
0.05355
-0.02413
-0.03853
0.04811
0.00860
-0.05346
0.02467
0.03811
-0.04838
-0.00800
0.05336
-0.02520
-0.03768
0.04865
0.00740
-0.05326
0.02574
0.03724
-0.04891
-0.00681
0.05315
-0.02627
-0.03680
0.04917
0.00621
-0.05303
0.02679
0.03636
-0.04942
-0.00561
0.05290
-0.02732
-0.03591
0.04966
0.00501
0.05571
-0.01738
-0.04490
0.04532
0.01670
-0.05571
0.01797
0.04453
-0.04568
-0.01611
0.05570
-0.01855
-0.04415
0.04603
0.01551
-0.05568
0.01914
0.04377
-0.04638
-0.01491
0.05566
-0.01972
-0.04339
0.04672
0.01431
-0.05562
0.02030
0.04299
-0.04705
-0.01371
0.05559
-0.02088
-0.04260
0.04738
0.01311
-0.05554
0.02145
0.04219
-0.04771
-0.01251
0.05549
-0.02202
-0.04178
0.04802
0.01190
-0.05543
0.02259
0.04137
-0.04834
-0.01129
0.05536
-0.02316
-0.04095
0.04864
0.01068
-0.05529
0.02372
0.04053
-0.04894
-0.01007
0.05521
-0.02428
-0.04010
0.04924
0.00946
-0.05512
0.02484
0.03967
-0.04952
-0.00885
0.05503
-0.02539
-0.03923
0.04980
0.00824
-0.05493
0.02595
0.03878
-0.05008
-0.00762
0.05482
-0.02649
-0.03834
0.05035
0.00701
-0.05471
0.02704
0.03788
-0.05061
-0.00639
0.05459
-0.02758
-0.03743
0.05087
0.00577
-0.05446
0.02812
0.03696
-0.05112
-0.00515
-0.05730
0.01787
0.04618
-0.04661
-0.01718
0.05730
-0.01848
-0.04580
0.04698
0.01657
-0.05729
0.01908
0.04541
-0.04734
-0.01595
0.05727
-0.01968
-0.04502
0.04770
0.01534
-0.05725
0.02028
0.04462
-0.04805
-0.01472
0.05721
-0.02088
-0.04422
0.04840
0.01411
-0.05717
0.02147
0.04381
-0.04873
-0.01349
0.05713
-0.02206
-0.04340
0.04907
0.01286
-0.05707
0.02265
0.04298
-0.04939
-0.01224
0.05701
-0.02324
-0.04255
0.04972
0.01162
-0.05694
0.02382
0.04212
-0.05003
-0.01099
0.05687
-0.02440
-0.04169
0.05034
0.01036
-0.05679
0.02498
0.04124
-0.05064
-0.00973
0.05670
-0.02555
-0.04080
0.05094
0.00910
-0.05660
0.02612
0.04035
-0.05123
-0.00847
0.05650
-0.02669
-0.03989
0.05151
0.00784
-0.05639
0.02725
0.03943
-0.05179
-0.00721
0.05627
-0.02781
-0.03896
0.05206
0.00657
-0.05615
0.02837
0.03849
-0.05232
-0.00594
0.05601
-0.02892
-0.03802
0.05258
0.00530
0.05889
-0.01837
-0.04746
0.04790
0.01765
-0.05889
0.01899
0.04707
-0.04828
-0.01703
0.05888
-0.01961
-0.04667
0.04866
0.01640
-0.05886
0.02023
0.04627
-0.04902
-0.01577
0.05883
-0.02084
-0.04586
0.04938
0.01513
-0.05880
0.02146
0.04545
-0.04974
-0.01450
0.05876
-0.02207
-0.04503
0.05009
0.01386
-0.05871
0.02268
0.04460
-0.05043
-0.01322
0.05866
-0.02328
-0.04417
0.05077
0.01258
-0.05859
0.02388
0.04373
-0.05109
-0.01194
0.05852
-0.02448
-0.04329
0.05142
0.01129
-0.05845
0.02508
0.04284
-0.05174
-0.01065
0.05836
-0.02567
-0.04239
0.05205
0.01000
-0.05827
0.02626
0.04193
-0.05235
-0.00935
0.05817
-0.02684
-0.04147
0.05265
0.00871
-0.05806
0.02743
0.04100
-0.05294
-0.00806
0.05795
-0.02801
-0.04052
0.05322
0.00740
-0.05783
0.02858
0.04005
-0.05350
-0.00675
0.05770
-0.02915
-0.03956
0.05377
0.00610
-0.05757
0.02972
0.03907
-0.05404
-0.00545
-0.06048
0.01886
0.04874
-0.04920
-0.01813
0.06048
-0.01950
-0.04834
0.04959
0.01749
-0.06047
0.02014
0.04793
-0.04997
-0.01684
0.06045
-0.02078
-0.04752
0.05035
0.01619
-0.06042
0.02141
0.04710
-0.05072
-0.01554
0.06039
-0.02204
-0.04667
0.05108
0.01489
-0.06035
0.02266
0.04624
-0.05144
-0.01423
0.06030
-0.02329
-0.04580
0.05179
0.01358
-0.06024
0.02391
0.04536
-0.05214
-0.01292
0.06017
-0.02453
-0.04491
0.05247
0.01226
-0.06010
0.02514
0.04446
-0.05281
-0.01160
0.06002
-0.02575
-0.04400
0.05313
0.01094
-0.05994
0.02636
0.04353
-0.05345
-0.01027
0.05984
-0.02697
-0.04306
0.05376
0.00961
-0.05974
0.02757
0.04259
-0.05407
-0.00894
0.05963
-0.02817
-0.04210
0.05437
0.00827
-0.05952
0.02876
0.04162
-0.05466
-0.00760
0.05939
-0.02935
-0.04113
0.05494
0.00694
-0.05926
0.02994
0.04063
-0.05522
-0.00627
0.05912
-0.03052
-0.04013
0.05549
0.00559
0.06207
-0.01936
-0.05003
0.05049
0.01861
-0.06207
0.02002
0.04961
-0.05089
-0.01795
0.06206
-0.02067
-0.04919
0.05128
0.01728
-0.06204
0.02132
0.04877
-0.05167
-0.01662
0.06201
-0.02197
-0.04834
0.05205
0.01595
-0.06197
0.02262
0.04790
-0.05242
-0.01528
0.06193
-0.02326
-0.04746
0.05279
0.01461
-0.06188
0.02390
0.04701
-0.05315
-0.01393
0.06182
-0.02454
-0.04655
0.05351
0.01326
-0.06176
0.02517
0.04609
-0.05385
-0.01258
0.06168
-0.02580
-0.04563
0.05419
0.01190
-0.06160
0.02643
0.04515
-0.05453
-0.01122
0.06151
-0.02705
-0.04468
0.05486
0.01054
-0.06142
0.02768
0.04419
-0.05518
-0.00986
0.06131
-0.02829
-0.04371
0.05549
0.00918
-0.06120
0.02891
0.04321
-0.05580
-0.00849
0.06108
-0.02952
-0.04271
0.05610
0.00780
-0.06095
0.03012
0.04221
-0.05639
-0.00712
0.06082
-0.03073
-0.04170
0.05667
0.00643
-0.06068
0.03133
0.04118
-0.05695
-0.00574
-0.06366
0.01986
0.05131
-0.05178
-0.01908
0.06366
-0.02053
-0.05088
0.05219
0.01841
-0.06365
0.02120
0.05045
-0.05260
-0.01772
0.06363
-0.02187
-0.05002
0.05299
0.01704
-0.06360
0.02253
0.04958
-0.05338
-0.01636
0.06356
-0.02320
-0.04913
0.05377
0.01567
-0.06352
0.02385
0.04867
-0.05414
-0.01498
0.06347
-0.02451
-0.04821
0.05451
0.01429
-0.06341
0.02516
0.04775
-0.05488
-0.01360
0.06334
-0.02582
-0.04727
0.05523
0.01290
-0.06326
0.02646
0.04680
-0.05558
-0.01221
0.06318
-0.02711
-0.04631
0.05592
0.01151
-0.06309
0.02775
0.04582
-0.05626
-0.01081
0.06299
-0.02838
-0.04533
0.05659
0.01011
-0.06288
0.02902
0.04482
-0.05691
-0.00941
0.06277
-0.02965
-0.04432
0.05723
0.00871
-0.06264
0.03027
0.04381
-0.05753
-0.00800
0.06251
-0.03090
-0.04329
0.05783
0.00730
-0.06238
0.03151
0.04276
-0.05813
-0.00659
0.06223
-0.03213
-0.04224
0.05841
0.00589
0.06525
-0.02035
-0.05259
0.05308
0.01956
-0.06525
0.02104
0.05215
-0.05350
-0.01887
0.06524
-0.02173
-0.05171
0.05391
0.01817
-0.06521
0.02241
0.05127
-0.05432
-0.01747
0.06519
-0.02310
-0.05081
0.05472
0.01677
-0.06515
0.02377
0.05035
-0.05511
-0.01606
0.06510
-0.02445
-0.04989
0.05549
0.01536
-0.06505
0.02512
0.04942
-0.05587
-0.01465
0.06499
-0.02579
-0.04894
0.05625
0.01394
-0.06492
0.02646
0.04845
-0.05661
-0.01323
0.06484
-0.02712
-0.04796
0.05697
0.01251
-0.06476
0.02778
0.04747
-0.05732
-0.01180
0.06466
-0.02844
-0.04697
0.05766
0.01108
-0.06456
0.02909
0.04646
-0.05800
-0.01036
0.06445
-0.02974
-0.04594
0.05833
0.00965
-0.06433
0.03039
0.04542
-0.05865
-0.00893
0.06421
-0.03103
-0.04490
0.05897
0.00820
-0.06407
0.03167
0.04437
-0.05928
-0.00748
0.06393
-0.03230
-0.04383
0.05958
0.00676
-0.06378
0.03293
0.04329
-0.05987
-0.00604
-0.06684
0.02085
0.05387
-0.05437
-0.02004
0.06684
-0.02155
-0.05342
0.05480
0.01932
-0.06682
0.02226
0.05297
-0.05522
-0.01861
0.06680
-0.02296
-0.05252
0.05564
0.01789
-0.06677
0.02366
0.05205
-0.05605
-0.01717
0.06673
-0.02435
-0.05158
0.05645
0.01645
-0.06669
0.02505
0.05110
-0.05685
-0.01573
0.06663
-0.02574
-0.05062
0.05723
0.01500
-0.06657
0.02642
0.05013
-0.05762
-0.01428
0.06650
-0.02710
-0.04963
0.05799
0.01355
-0.06642
0.02778
0.04913
-0.05836
-0.01282
0.06633
-0.02846
-0.04862
0.05872
0.01209
-0.06624
0.02913
0.04811
-0.05907
-0.01135
0.06613
-0.02980
-0.04759
0.05941
0.01062
-0.06602
0.03047
0.04706
-0.05975
-0.00988
0.06590
-0.03113
-0.04653
0.06008
0.00914
-0.06577
0.03178
0.04599
-0.06040
-0.00840
0.06563
-0.03244
-0.04545
0.06072
0.00766
-0.06549
0.03309
0.04490
-0.06103
-0.00692
0.06534
-0.03373
-0.04434
0.06133
0.00618
0.06843
-0.02134
-0.05515
0.05566
0.02051
-0.06843
0.02207
0.05469
-0.05610
-0.01978
0.06841
-0.02279
-0.05423
0.05653
0.01905
-0.06839
0.02351
0.05376
-0.05696
-0.01832
0.06836
-0.02422
-0.05329
0.05738
0.01758
-0.06832
0.02493
0.05281
-0.05779
-0.01684
0.06827
-0.02564
-0.05232
0.05820
0.01610
-0.06822
0.02635
0.05182
-0.05860
-0.01536
0.06815
-0.02705
-0.05132
0.05899
0.01462
-0.06808
0.02775
0.05081
-0.05937
-0.01387
0.06800
-0.02844
-0.05030
0.05974
0.01312
-0.06791
0.02914
0.04978
-0.06011
-0.01237
0.06781
-0.02982
-0.04925
0.06047
0.01162
-0.06771
0.03051
0.04872
-0.06083
-0.01087
0.06759
-0.03119
-0.04818
0.06117
0.01012
-0.06747
0.03187
0.04764
-0.06151
-0.00936
0.06734
-0.03254
-0.04709
0.06184
0.00860
-0.06719
0.03321
0.04653
-0.06216
-0.00785
0.06705
-0.03387
-0.04597
0.06248
0.00709
-0.06689
0.03454
0.04540
-0.06279
-0.00633
-0.07002
0.02184
0.05643
-0.05695
-0.02099
0.07001
-0.02258
-0.05596
0.05740
0.02024
-0.07000
0.02332
0.05549
-0.05785
-0.01949
0.06998
-0.02405
-0.05501
0.05828
0.01874
-0.06995
0.02478
0.05453
-0.05871
-0.01799
0.06991
-0.02551
-0.05403
0.05913
0.01723
-0.06986
0.02624
0.05353
-0.05955
-0.01648
0.06980
-0.02696
-0.05303
0.05996
0.01572
-0.06974
0.02768
0.05251
-0.06035
-0.01496
0.06966
-0.02839
-0.05199
0.06075
0.01419
-0.06958
0.02910
0.05147
-0.06113
-0.01343
0.06949
-0.02981
-0.05094
0.06151
0.01266
-0.06939
0.03052
0.05040
-0.06188
-0.01189
0.06928
-0.03122
-0.04985
0.06224
0.01112
-0.06916
0.03191
0.04930
-0.06259
-0.01035
0.06903
-0.03261
-0.04874
0.06294
0.00958
-0.06890
0.03330
0.04818
-0.06328
-0.00880
0.06876
-0.03398
-0.04761
0.06361
0.00803
-0.06860
0.03466
0.04703
-0.06393
-0.00725
0.06844
-0.03534
-0.04645
0.06424
0.00648
0.07161
-0.02233
-0.05771
0.05825
0.02147
-0.07160
0.02309
0.05723
-0.05871
-0.02070
0.07159
-0.02385
-0.05675
0.05916
0.01994
-0.07157
0.02460
0.05626
-0.05961
-0.01917
0.07153
-0.02534
-0.05576
0.06004
0.01840
-0.07149
0.02609
0.05526
-0.06048
-0.01763
0.07144
-0.02683
-0.05475
0.06090
0.01685
-0.07139
0.02757
0.05423
-0.06132
-0.01607
0.07132
-0.02831
-0.05370
0.06172
0.01530
-0.07124
0.02904
0.05317
-0.06213
-0.01451
0.07116
-0.02976
-0.05264
0.06252
0.01373
-0.07106
0.03049
0.05209
-0.06290
-0.01295
0.07096
-0.03121
-0.05154
0.06328
0.01216
-0.07085
0.03193
0.05098
-0.06365
-0.01137
0.07073
-0.03264
-0.05042
0.06401
0.01059
-0.07060
0.03335
0.04985
-0.06437
-0.00979
0.07046
-0.03405
-0.04927
0.06471
0.00900
-0.07032
0.03475
0.04869
-0.06505
-0.00821
0.07016
-0.03545
-0.04810
0.06538
0.00742
-0.07000
0.03614
0.04751
-0.06570
-0.00662
-0.07320
0.02283
0.05899
-0.05954
-0.02194
0.07319
-0.02360
-0.05850
0.06001
0.02116
-0.07318
0.02437
0.05801
-0.06047
-0.02038
0.07315
-0.02514
-0.05751
0.06093
0.01959
-0.07312
0.02591
0.05700
-0.06138
-0.01881
0.07308
-0.02667
-0.05648
0.06182
0.01802
-0.07303
0.02743
0.05596
-0.06225
-0.01722
0.07297
-0.02818
-0.05543
0.06268
0.01643
-0.07290
0.02893
0.05490
-0.06309
-0.01563
0.07282
-0.02968
-0.05435
0.06350
0.01484
-0.07274
0.03043
0.05380
-0.06391
-0.01404
0.07264
-0.03117
-0.05325
0.06430
0.01323
-0.07253
0.03190
0.05268
-0.06469
-0.01243
0.07242
-0.03263
-0.05211
0.06506
0.01163
-0.07230
0.03336
0.05154
-0.06543
-0.01082
0.07217
-0.03409
-0.05095
0.06579
0.01001
-0.07202
0.03481
0.05037
-0.06615
-0.00920
0.07187
-0.03552
-0.04977
0.06649
0.00839
-0.07172
0.03623
0.04917
-0.06683
-0.00758
0.07155
-0.03694
-0.04856
0.06716
0.00677
0.07478
-0.02332
-0.06027
0.06083
0.02242
-0.07478
0.02412
0.05977
-0.06131
-0.02162
0.07476
-0.02490
-0.05927
0.06178
0.02082
-0.07474
0.02569
0.05876
-0.06225
-0.02002
0.07471
-0.02647
-0.05824
0.06271
0.01921
-0.07467
0.02725
0.05771
-0.06316
-0.01841
0.07461
-0.02802
-0.05718
0.06360
0.01760
-0.07455
0.02879
0.05664
-0.06404
-0.01679
0.07448
-0.02956
-0.05609
0.06446
0.01597
-0.07440
0.03033
0.05553
-0.06488
-0.01516
0.07431
-0.03109
-0.05497
0.06529
0.01434
-0.07422
0.03184
0.05440
-0.06569
-0.01352
0.07411
-0.03259
-0.05383
0.06609
0.01270
-0.07399
0.03334
0.05324
-0.06647
-0.01188
0.07387
-0.03409
-0.05266
0.06685
0.01105
-0.07373
0.03483
0.05206
-0.06722
-0.01023
0.07359
-0.03556
-0.05146
0.06758
0.00940
-0.07343
0.03629
0.05085
-0.06794
-0.00858
0.07327
-0.03702
-0.05024
0.06828
0.00775
-0.07310
0.03774
0.04961
-0.06862
-0.00692
-0.07637
0.02382
0.06155
-0.06212
-0.02289
0.07637
-0.02463
-0.06104
0.06261
0.02208
-0.07635
0.02543
0.06053
-0.06310
-0.02126
0.07633
-0.02623
-0.06000
0.06357
0.02044
-0.07629
0.02703
0.05947
-0.06404
-0.01962
0.07625
-0.02783
-0.05894
0.06450
0.01880
-0.07620
0.02862
0.05839
-0.06495
-0.01797
0.07614
-0.02940
-0.05784
0.06540
0.01714
-0.07606
0.03019
0.05728
-0.06583
-0.01631
0.07598
-0.03097
-0.05671
0.06626
0.01548
-0.07589
0.03175
0.05614
-0.06668
-0.01465
0.07579
-0.03252
-0.05556
0.06709
0.01381
-0.07568
0.03329
0.05497
-0.06749
-0.01297
0.07556
-0.03405
-0.05437
0.06789
0.01213
-0.07544
0.03481
0.05377
-0.06827
-0.01129
0.07530
-0.03557
-0.05317
0.06865
0.01045
-0.07515
0.03632
0.05255
-0.06902
-0.00960
0.07499
-0.03706
-0.05193
0.06938
0.00876
-0.07483
0.03781
0.05130
-0.06973
-0.00791
0.07465
-0.03854
-0.05067
0.07007
0.00706
0.07796
-0.02432
-0.06283
0.06341
0.02337
-0.07796
0.02514
0.06231
-0.06391
-0.02254
0.07794
-0.02596
-0.06179
0.06441
0.02171
-0.07792
0.02678
0.06125
-0.06489
-0.02087
0.07788
-0.02759
-0.06071
0.06537
0.02003
-0.07784
0.02840
0.06016
-0.06584
-0.01919
0.07778
-0.02921
-0.05960
0.06630
0.01835
-0.07772
0.03002
0.05904
-0.06676
-0.01750
0.07765
-0.03082
-0.05847
0.06720
0.01665
-0.07756
0.03161
0.05789
-0.06764
-0.01580
0.07747
-0.03241
-0.05730
0.06806
0.01495
-0.07737
0.03319
0.05671
-0.06848
-0.01410
0.07726
-0.03398
-0.05611
0.06890
0.01324
-0.07713
0.03476
0.05551
-0.06930
-0.01238
0.07700
-0.03553
-0.05489
0.06969
0.01152
-0.07686
0.03631
0.05427
-0.07008
-0.01066
0.07671
-0.03707
-0.05364
0.07045
0.00980
-0.07655
0.03783
0.05301
-0.07082
-0.00894
0.07638
-0.03859
-0.05237
0.07118
0.00808
-0.07621
0.03935
0.05172
-0.07153
-0.00721
-0.07955
0.02481
0.06411
-0.06470
-0.02385
0.07954
-0.02565
-0.06358
0.06522
0.02300
-0.07953
0.02649
0.06304
-0.06572
-0.02215
0.07950
-0.02732
-0.06250
0.06622
0.02129
-0.07947
0.02816
0.06195
-0.06670
-0.02044
0.07942
-0.02898
-0.06139
0.06718
0.01958
-0.07937
0.02981
0.06082
-0.06765
-0.01872
0.07930
-0.03063
-0.06024
0.06811
0.01786
-0.07923
0.03144
0.05966
-0.06857
-0.01699
0.07914
-0.03226
-0.05907
0.06901
0.01612
-0.07905
0.03307
0.05847
-0.06945
-0.01525
0.07894
-0.03387
-0.05787
0.06988
0.01438
-0.07883
0.03467
0.05725
-0.07030
-0.01351
0.07871
-0.03547
-0.05664
0.07071
0.01264
-0.07857
0.03626
0.05601
-0.07111
-0.01176
0.07843
-0.03704
-0.05538
0.07150
0.01088
-0.07828
0.03783
0.05474
-0.07189
-0.01000
0.07811
-0.03861
-0.05409
0.07226
0.00912
-0.07794
0.03938
0.05344
-0.07263
-0.00824
0.07776
-0.04015
-0.05278
0.07299
0.00736
0.08114
-0.02531
-0.06539
0.06600
0.02432
-0.08113
0.02616
0.06485
-0.06652
-0.02346
0.08111
-0.02702
-0.06430
0.06703
0.02259
-0.08109
0.02787
0.06375
-0.06754
-0.02172
0.08105
-0.02872
-0.06318
0.06803
0.02085
-0.08101
0.02956
0.06261
-0.06852
-0.01997
0.08095
-0.03040
-0.06203
0.06900
0.01909
-0.08088
0.03124
0.06145
-0.06947
-0.01821
0.08081
-0.03207
-0.06085
0.06994
0.01733
-0.08072
0.03290
0.06025
-0.07039
-0.01645
0.08063
-0.03373
-0.05964
0.07084
0.01556
-0.08052
0.03455
0.05902
-0.07127
-0.01467
0.08040
-0.03536
-0.05840
0.07170
0.01378
-0.08028
0.03617
0.05777
-0.07212
-0.01289
0.08014
-0.03698
-0.05713
0.07253
0.01199
-0.07999
0.03778
0.05648
-0.07293
-0.01110
0.07984
-0.03858
-0.05583
0.07332
0.01020
-0.07967
0.03938
0.05517
-0.07371
-0.00930
0.07949
-0.04016
-0.05450
0.07408
0.00840
-0.07931
0.04095
0.05383
-0.07444
-0.00750
-0.08272
0.02580
0.06667
-0.06729
-0.02480
0.08272
-0.02668
-0.06612
0.06782
0.02392
-0.08270
0.02755
0.06556
-0.06834
-0.02303
0.08267
-0.02841
-0.06499
0.06886
0.02214
-0.08264
0.02928
0.06442
-0.06937
-0.02125
0.08259
-0.03014
-0.06384
0.06986
0.02036
-0.08253
0.03100
0.06325
-0.07035
-0.01947
0.08247
-0.03185
-0.06265
0.07083
0.01857
-0.08239
0.03270
0.06204
-0.07131
-0.01767
0.08230
-0.03354
-0.06143
0.07177
0.01677
-0.08220
0.03438
0.06081
-0.07222
-0.01586
0.08209
-0.03522
-0.06018
0.07267
0.01496
-0.08198
0.03605
0.05954
-0.07310
-0.01405
0.08185
-0.03688
-0.05890
0.07353
0.01314
-0.08171
0.03770
0.05824
-0.07395
-0.01223
0.08156
-0.03852
-0.05759
0.07436
0.01132
-0.08140
0.03934
0.05692
-0.07476
-0.01040
0.08123
-0.04015
-0.05625
0.07515
0.00949
-0.08105
0.04095
0.05557
-0.07553
-0.00857
0.08086
-0.04175
-0.05488
0.07590
0.00765
0.08431
-0.02630
-0.06795
0.06858
0.02527
-0.08430
0.02719
0.06739
-0.06912
-0.02437
0.08429
-0.02808
-0.06682
0.06965
0.02347
-0.08426
0.02896
0.06624
-0.07018
-0.02257
0.08422
-0.02984
-0.06565
0.07070
0.02166
-0.08418
0.03072
0.06506
-0.07120
-0.02075
0.08412
-0.03159
-0.06446
0.07170
0.01984
-0.08405
0.03246
0.06385
-0.07219
-0.01893
0.08397
-0.03333
-0.06323
0.07267
0.01801
-0.08388
0.03419
0.06261
-0.07315
-0.01709
0.08378
-0.03504
-0.06197
0.07361
0.01617
-0.08367
0.03590
0.06133
-0.07406
-0.01524
0.08355
-0.03675
-0.06068
0.07451
0.01432
-0.08342
0.03759
0.06003
-0.07494
-0.01339
0.08328
-0.03843
-0.05936
0.07537
0.01246
-0.08312
0.03926
0.05869
-0.07578
-0.01153
0.08296
-0.04009
-0.05801
0.07619
0.01060
-0.08279
0.04092
0.05733
-0.07659
-0.00967
0.08261
-0.04174
-0.05663
0.07698
0.00873
-0.08241
0.04255
0.05593
-0.07736
-0.00780
-0.08590
0.02679
0.06923
-0.06987
-0.02575
0.08589
-0.02770
-0.06865
0.07042
0.02483
-0.08587
0.02860
0.06808
-0.07097
-0.02392
0.08585
-0.02950
-0.06749
0.07150
0.02299
-0.08581
0.03040
0.06689
-0.07203
-0.02207
0.08576
-0.03130
-0.06629
0.07254
0.02114
-0.08570
0.03219
0.06567
-0.07305
-0.02021
0.08563
-0.03307
-0.06505
0.07355
0.01928
-0.08555
0.03395
0.06442
-0.07404
-0.01835
0.08546
-0.03483
-0.06378
0.07452
0.01741
-0.08536
0.03570
0.06314
-0.07499
-0.01647
0.08524
-0.03657
-0.06249
0.07546
0.01553
-0.08512
0.03744
0.06182
-0.07591
-0.01459
0.08499
-0.03830
-0.06116
0.07635
0.01364
-0.08484
0.03915
0.06048
-0.07679
-0.01270
0.08469
-0.04000
-0.05980
0.07721
0.01175
-0.08452
0.04085
0.05910
-0.07763
-0.01080
0.08435
-0.04169
-0.05841
0.07803
0.00985
-0.08416
0.04252
0.05770
-0.07843
-0.00890
0.08396
-0.04335
-0.05699
0.07881
0.00794
0.08748
-0.02729
-0.07050
0.07116
0.02622
-0.08748
0.02821
0.06992
-0.07172
-0.02529
0.08746
-0.02913
-0.06933
0.07228
0.02436
-0.08743
0.03005
0.06873
-0.07282
-0.02342
0.08739
-0.03096
-0.06813
0.07336
0.02248
-0.08734
0.03187
0.06751
-0.07388
-0.02153
0.08728
-0.03278
-0.06689
0.07440
0.02059
-0.08721
0.03368
0.06625
-0.07491
-0.01964
0.08713
-0.03458
-0.06561
0.07541
0.01869
-0.08704
0.03547
0.06496
-0.07590
-0.01773
0.08693
-0.03636
-0.06430
0.07638
0.01678
-0.08682
0.03725
0.06364
-0.07685
-0.01582
0.08669
-0.03813
-0.06297
0.07731
0.01486
-0.08656
0.03900
0.06229
-0.07776
-0.01390
0.08641
-0.03987
-0.06160
0.07820
0.01293
-0.08625
0.04074
0.06090
-0.07864
-0.01197
0.08608
-0.04160
-0.06020
0.07906
0.01100
-0.08590
0.04246
0.05948
-0.07947
-0.01003
0.08571
-0.04331
-0.05877
0.07987
0.00906
-0.08551
0.04415
0.05804
-0.08027
-0.00809
-0.08907
0.02778
0.07178
-0.07245
-0.02670
0.08906
-0.02872
-0.07119
0.07302
0.02575
-0.08905
0.02966
0.07059
-0.07359
-0.02480
0.08902
-0.03059
-0.06998
0.07414
0.02384
-0.08898
0.03153
0.06936
-0.07469
-0.02289
0.08893
-0.03245
-0.06873
0.07522
0.02192
-0.08887
0.03337
0.06810
-0.07575
-0.02096
0.08879
-0.03429
-0.06745
0.07627
0.01999
-0.08871
0.03521
0.06680
-0.07678
-0.01903
0.08862
-0.03612
-0.06614
0.07728
0.01805
-0.08851
0.03702
0.06547
-0.07776
-0.01708
0.08839
-0.03792
-0.06479
0.07824
0.01610
-0.08827
0.03882
0.06411
-0.07871
-0.01513
0.08813
-0.03971
-0.06341
0.07917
0.01415
-0.08798
0.04060
0.06271
-0.07962
-0.01317
0.08782
-0.04148
-0.06200
0.08006
0.01218
-0.08764
0.04236
0.06129
-0.08049
-0.01120
0.08746
-0.04323
-0.06056
0.08091
0.01021
-0.08727
0.04409
0.05983
-0.08132
-0.00923
0.08706
-0.04495
-0.05909
0.08172
0.00824
0.09066
-0.02828
-0.07306
0.07374
0.02718
-0.09065
0.02923
0.07246
-0.07432
-0.02621
0.09063
-0.03019
-0.07185
0.07490
0.02524
-0.09060
0.03114
0.07123
-0.07546
-0.02427
0.09056
-0.03209
-0.07060
0.07602
0.02329
-0.09051
0.03303
0.06996
-0.07656
-0.02231
0.09045
-0.03397
-0.06931
0.07710
0.02133
-0.09038
0.03490
0.06866
-0.07763
-0.02035
0.09029
-0.03583
-0.06799
0.07814
0.01936
-0.09019
0.03676
0.06732
-0.07865
-0.01838
0.09009
-0.03768
-0.06664
0.07915
0.01738
-0.08997
0.03860
0.06595
-0.07964
-0.01639
0.08984
-0.03951
-0.06525
0.08011
0.01540
-0.08970
0.04042
0.06454
-0.08058
-0.01440
0.08954
-0.04132
-0.06383
0.08104
0.01340
-0.08938
0.04222
0.06311
-0.08149
-0.01240
0.08921
-0.04311
-0.06238
0.08193
0.01140
-0.08902
0.04400
0.06164
-0.08235
-0.01040
0.08882
-0.04488
-0.06090
0.08277
0.00939
-0.08862
0.04575
0.06014
-0.08318
-0.00838
-0.09224
0.02877
0.07434
-0.07503
-0.02765
0.09224
-0.02975
-0.07373
0.07562
0.02667
-0.09222
0.03072
0.07310
-0.07621
-0.02568
0.09219
-0.03168
-0.07247
0.07678
0.02469
-0.09215
0.03265
0.07183
-0.07735
-0.02370
0.09210
-0.03361
-0.07118
0.07790
0.02271
-0.09203
0.03456
0.07052
-0.07845
-0.02171
0.09196
-0.03551
-0.06986
0.07898
0.02071
-0.09187
0.03646
0.06918
-0.07951
-0.01970
0.09177
-0.03740
-0.06850
0.08003
0.01870
-0.09166
0.03834
0.06780
-0.08053
-0.01769
0.09154
-0.03927
-0.06710
0.08103
0.01668
-0.09141
0.04020
0.06639
-0.08152
-0.01567
0.09126
-0.04113
-0.06567
0.08199
0.01465
-0.09111
0.04204
0.06495
-0.08246
-0.01364
0.09094
-0.04296
-0.06421
0.08291
0.01262
-0.09077
0.04386
0.06347
-0.08336
-0.01160
0.09058
-0.04477
-0.06272
0.08380
0.01058
-0.09038
0.04566
0.06196
-0.08422
-0.00955
0.09017
-0.04655
-0.06120
0.08463
0.00853
0.09383
-0.02926
-0.07562
0.07632
0.02813
-0.09382
0.03026
0.07499
-0.07692
-0.02713
0.09380
-0.03124
-0.07436
0.07752
0.02612
-0.09377
0.03223
0.07372
-0.07810
-0.02512
0.09373
-0.03321
-0.07307
0.07868
0.02411
-0.09368
0.03419
0.07241
-0.07924
-0.02310
0.09361
-0.03516
-0.07174
0.07980
0.02208
-0.09354
0.03613
0.07106
-0.08034
-0.02106
0.09345
-0.03709
-0.07037
0.08088
0.02004
-0.09335
0.03805
0.06967
-0.08140
-0.01902
0.09324
-0.03900
-0.06897
0.08192
0.01799
-0.09311
0.03995
0.06825
-0.08242
-0.01697
0.09298
-0.04089
-0.06753
0.08292
0.01594
-0.09283
0.04183
0.06680
-0.08340
-0.01490
0.09268
-0.04277
-0.06606
0.08388
0.01387
-0.09251
0.04369
0.06532
-0.08434
-0.01283
0.09233
-0.04462
-0.06456
0.08479
0.01180
-0.09213
0.04554
0.06380
-0.08524
-0.01076
0.09193
-0.04645
-0.06303
0.08567
0.00972
-0.09172
0.04735
0.06225
-0.08609
-0.00868
-0.09541
0.02976
0.07690
-0.07761
-0.02860
0.09541
-0.03077
-0.07626
0.07822
0.02758
-0.09539
0.03177
0.07562
-0.07883
-0.02656
0.09536
-0.03277
-0.07496
0.07942
0.02554
-0.09532
0.03377
0.07430
-0.08001
-0.02452
0.09526
-0.03476
-0.07363
0.08058
0.02349
-0.09520
0.03575
0.07295
-0.08115
-0.02245
0.09512
-0.03674
-0.07226
0.08170
0.02142
-0.09503
0.03772
0.07156
-0.08224
-0.02038
0.09493
-0.03869
-0.07085
0.08278
0.01934
-0.09481
0.03966
0.07013
-0.08330
-0.01830
0.09469
-0.04062
-0.06941
0.08382
0.01725
-0.09455
0.04158
0.06867
-0.08432
-0.01620
0.09440
-0.04254
-0.06793
0.08481
0.01516
-0.09424
0.04349
0.06718
-0.08529
-0.01410
0.09407
-0.04443
-0.06642
0.08576
0.01305
-0.09389
0.04537
0.06565
-0.08623
-0.01200
0.09369
-0.04630
-0.06488
0.08668
0.01094
-0.09348
0.04723
0.06409
-0.08712
-0.00988
0.09327
-0.04815
-0.06330
0.08754
0.00882
0.09700
-0.03025
-0.07817
0.07890
0.02908
-0.09699
0.03128
0.07753
-0.07952
-0.02804
0.09697
-0.03230
-0.07687
0.08014
0.02701
-0.09694
0.03332
0.07621
-0.08074
-0.02597
0.09690
-0.03433
-0.07554
0.08134
0.02492
-0.09684
0.03534
0.07485
-0.08192
-0.02388
0.09678
-0.03635
-0.07416
0.08249
0.02283
-0.09670
0.03735
0.07346
-0.08306
-0.02177
0.09661
-0.03834
-0.07275
0.08361
0.02072
-0.09650
0.03933
0.07203
-0.08415
-0.01966
0.09639
-0.04032
-0.07130
0.08469
0.01860
-0.09626
0.04130
0.07056
-0.08521
-0.01754
0.09612
-0.04228
-0.06981
0.08572
0.01647
-0.09597
0.04325
0.06906
-0.08622
-0.01541
0.09581
-0.04421
-0.06830
0.08671
0.01434
-0.09563
0.04517
0.06752
-0.08719
-0.01327
0.09545
-0.04613
-0.06674
0.08766
0.01220
-0.09525
0.04707
0.06595
-0.08812
-0.01112
0.09504
-0.04802
-0.06516
0.08856
0.01005
-0.09481
0.04895
0.06435
-0.08900
-0.00897
-0.09858
0.03075
0.07945
-0.08019
-0.02955
0.09858
-0.03179
-0.07879
0.08082
0.02850
-0.09856
0.03283
0.07813
-0.08145
-0.02745
0.09853
-0.03386
-0.07745
0.08206
0.02639
-0.09848
0.03489
0.07677
-0.08266
-0.02533
0.09843
-0.03592
-0.07608
0.08326
0.02427
-0.09836
0.03694
0.07537
-0.08384
-0.02320
0.09828
-0.03796
-0.07466
0.08441
0.02213
-0.09819
0.03897
0.07394
-0.08498
-0.02106
0.09808
-0.03998
-0.07320
0.08553
0.01998
-0.09796
0.04098
0.07246
-0.08607
-0.01890
0.09783
-0.04197
-0.07171
0.08660
0.01782
-0.09769
0.04297
0.07096
-0.08712
-0.01674
0.09754
-0.04395
-0.07019
0.08763
0.01566
-0.09737
0.04493
0.06941
-0.08813
-0.01457
0.09720
-0.04591
-0.06863
0.08861
0.01348
-0.09701
0.04688
0.06783
-0.08909
-0.01240
0.09680
-0.04784
-0.06703
0.08956
0.01130
-0.09659
0.04880
0.06622
-0.09001
-0.01021
0.09636
-0.04975
-0.06540
0.09045
0.00912
0.10017
-0.03124
-0.08073
0.08148
0.03003
-0.10016
0.03230
0.08006
-0.08212
-0.02896
0.10014
-0.03336
-0.07939
0.08276
0.02789
-0.10011
0.03441
0.07870
-0.08338
-0.02681
0.10007
-0.03545
-0.07800
0.08399
0.02574
-0.10001
0.03650
0.07730
-0.08460
-0.02466
0.09994
-0.03753
-0.07658
0.08519
0.02357
-0.09986
0.03857
0.07586
-0.08577
-0.02249
0.09976
-0.03959
-0.07512
0.08634
0.02140
-0.09966
0.04062
0.07438
-0.08690
-0.02030
0.09954
-0.04164
-0.07363
0.08745
0.01921
-0.09941
0.04265
0.07287
-0.08799
-0.01811
0.09926
-0.04366
-0.07210
0.08852
0.01701
-0.09911
0.04466
0.07132
-0.08904
-0.01591
0.09894
-0.04566
-0.07053
0.08954
0.01481
-0.09876
0.04665
0.06973
-0.09004
-0.01370
0.09857
-0.04763
-0.06892
0.09052
0.01259
-0.09836
0.04861
0.06811
-0.09100
-0.01149
0.09814
-0.04959
-0.06729
0.09146
0.01038
-0.09791
0.05055
0.06646
-0.09191
-0.00926
-0.10175
0.03174
0.08200
-0.08277
-0.03050
0.10175
-0.03281
-0.08133
0.08342
0.02942
-0.10173
0.03388
0.08064
-0.08406
-0.02833
0.10169
-0.03495
-0.07994
0.08470
0.02724
-0.10165
0.03601
0.07924
-0.08532
-0.02614
0.10159
-0.03707
-0.07852
0.08593
0.02505
-0.10152
0.03813
0.07779
-0.08654
-0.02395
0.10144
-0.03918
-0.07706
0.08713
0.02284
-0.10134
0.04022
0.07631
-0.08771
-0.02173
0.10123
-0.04126
-0.07556
0.08828
0.02062
-0.10111
0.04230
0.07479
-0.08884
-0.01951
0.10098
-0.04332
-0.07402
0.08938
0.01840
-0.10083
0.04435
0.07324
-0.08992
-0.01728
0.10067
-0.04537
-0.07244
0.09045
0.01616
-0.10050
0.04638
0.07164
-0.09096
-0.01504
0.10032
-0.04739
-0.07083
0.09146
0.01392
-0.10012
0.04839
0.07001
-0.09195
-0.01279
0.09992
-0.04938
-0.06919
0.09243
0.01167
-0.09970
0.05037
0.06835
-0.09290
-0.01054
0.09946
-0.05135
-0.06751
0.09336
0.00941
0.10334
-0.03223
-0.08328
0.08405
0.03098
-0.10333
0.03332
0.08259
-0.08472
-0.02988
0.10331
-0.03441
-0.08190
0.08537
0.02877
-0.10328
0.03550
0.08119
-0.08602
-0.02766
0.10323
-0.03658
-0.08047
0.08665
0.02655
-0.10317
0.03765
0.07974
-0.08727
-0.02544
0.10310
-0.03872
-0.07901
0.08788
0.02432
-0.10302
0.03979
0.07826
-0.08848
-0.02320
0.10292
-0.04085
-0.07750
0.08907
0.02207
-0.10281
0.04190
0.07673
-0.08965
-0.02095
0.10269
-0.04295
-0.07596
0.09022
0.01982
-0.10255
0.04400
0.07517
-0.09078
-0.01868
0.10240
-0.04504
-0.07438
0.09132
0.01755
-0.10224
0.04607
0.07357
-0.09185
-0.01641
0.10207
-0.04710
-0.07276
0.09238
0.01528
-0.10188
0.04812
0.07194
-0.09289
-0.01414
0.10168
-0.04914
-0.07110
0.09339
0.01299
-0.10147
0.05015
0.07026
-0.09387
-0.01185
0.10125
-0.05115
-0.06942
0.09435
0.01070
-0.10101
0.05215
0.06856
-0.09481
-0.00956
-0.10492
0.03272
0.08456
-0.08534
-0.03145
0.10491
-0.03383
-0.08386
0.08602
0.03033
-0.10489
0.03494
0.08315
-0.08668
-0.02921
0.10486
-0.03604
-0.08243
0.08734
0.02809
-0.10481
0.03714
0.08170
-0.08798
-0.02696
0.10475
-0.03823
-0.08097
0.08861
0.02583
-0.10468
0.03931
0.08022
-0.08923
-0.02469
0.10460
-0.04040
-0.07946
0.08984
0.02355
-0.10450
0.04147
0.07869
-0.09044
-0.02241
0.10439
-0.04255
-0.07791
0.09103
0.02127
-0.10426
0.04361
0.07712
-0.09160
-0.02012
0.10412
-0.04467
-0.07632
0.09217
0.01897
-0.10397
0.04573
0.07552
-0.09272
-0.01782
0.10381
-0.04678
-0.07470
0.09326
0.01667
-0.10363
0.04782
0.07387
-0.09379
-0.01551
0.10344
-0.04886
-0.07304
0.09431
0.01435
-0.10324
0.04989
0.07219
-0.09482
-0.01319
0.10303
-0.05092
-0.07134
0.09531
0.01203
-0.10280
0.05194
0.07048
-0.09580
-0.01087
0.10256
-0.05295
-0.06961
0.09627
0.00970
0.10651
-0.03322
-0.08583
0.08663
0.03193
-0.10650
0.03434
0.08513
-0.08732
-0.03079
0.10648
-0.03547
-0.08441
0.08799
0.02965
-0.10644
0.03658
0.08368
-0.08865
-0.02851
0.10640
-0.03770
-0.08294
0.08931
0.02737
-0.10634
0.03880
0.08219
-0.08995
-0.02622
0.10626
-0.03991
-0.08143
0.09058
0.02506
-0.10617
0.04101
0.08066
-0.09120
-0.02391
0.10607
-0.04210
-0.07988
0.09180
0.02275
-0.10596
0.04319
0.07909
-0.09240
-0.02159
0.10583
-0.04427
-0.07829
0.09299
0.02042
-0.10570
0.04535
0.07748
-0.09356
-0.01926
0.10554
-0.04642
-0.07666
0.09412
0.01809
-0.10538
0.04748
0.07583
-0.09467
-0.01692
0.10520
-0.04854
-0.07499
0.09521
0.01574
-0.10501
0.04960
0.07414
-0.09573
-0.01457
0.10480
-0.05065
-0.07328
0.09625
0.01339
-0.10458
0.05169
0.07242
-0.09675
-0.01221
0.10435
-0.05272
-0.07154
0.09724
0.01103
-0.10411
0.05375
0.07066
-0.09772
-0.00985
-0.10809
0.03371
0.08711
-0.08792
-0.03240
0.10808
-0.03486
-0.08639
0.08861
0.03125
-0.10806
0.03599
0.08566
-0.08930
-0.03009
0.10803
-0.03713
-0.08492
0.08997
0.02893
-0.10798
0.03826
0.08417
-0.09063
-0.02777
0.10792
-0.03938
-0.08341
0.09129
0.02661
-0.10784
0.04050
0.08264
-0.09193
-0.02544
0.10775
-0.04162
-0.08186
0.09255
0.02426
-0.10765
0.04273
0.08106
-0.09317
-0.02309
0.10754
-0.04383
-0.08026
0.09377
0.02191
-0.10741
0.04493
0.07945
-0.09437
-0.02073
0.10727
-0.04602
-0.07863
0.09495
0.01954
-0.10711
0.04711
0.07780
-0.09552
-0.01836
0.10694
-0.04819
-0.07696
0.09608
0.01717
-0.10676
0.04927
0.07610
-0.09662
-0.01598
0.10657
-0.05034
-0.07524
0.09716
0.01478
-0.10636
0.05140
0.07437
-0.09768
-0.01359
0.10614
-0.05246
-0.07350
0.09819
0.01239
-0.10590
0.05351
0.07261
-0.09869
-0.01120
0.10565
-0.05455
-0.07171
0.09917
0.01000
0.10967
-0.03421
-0.08839
0.08921
0.03288
-0.10966
0.03537
0.08766
-0.08991
-0.03171
0.10964
-0.03652
-0.08692
0.09061
0.03053
-0.10961
0.03767
0.08617
-0.09129
-0.02936
0.10956
-0.03882
-0.08540
0.09196
0.02818
-0.10950
0.03996
0.08463
-0.09262
-0.02700
0.10942
-0.04109
-0.08385
0.09327
0.02581
-0.10933
0.04223
0.08306
-0.09391
-0.02462
0.10923
-0.04335
-0.08225
0.09453
0.02343
-0.10911
0.04447
0.08144
-0.09515
-0.02223
0.10898
-0.04559
-0.08061
0.09575
0.02103
-0.10884
0.04670
0.07978
-0.09634
-0.01983
0.10868
-0.04780
-0.07894
0.09692
0.01863
-0.10851
0.04890
0.07808
-0.09749
-0.01742
0.10833
-0.04999
-0.07722
0.09804
0.01621
-0.10813
0.05107
0.07635
-0.09858
-0.01500
0.10792
-0.05215
-0.07546
0.09911
0.01379
-0.10769
0.05322
0.07457
-0.09963
-0.01258
0.10745
-0.05429
-0.07367
0.10013
0.01136
-0.10720
0.05535
0.07276
-0.10063
-0.01014
-0.11125
0.03470
0.08966
-0.09049
-0.03335
0.11125
-0.03588
-0.08892
0.09121
0.03216
-0.11123
0.03705
0.08817
-0.09191
-0.03098
0.11119
-0.03822
-0.08741
0.09261
0.02978
-0.11114
0.03938
0.08664
-0.09329
-0.02859
0.11108
-0.04054
-0.08585
0.09396
0.02738
-0.11100
0.04169
0.08506
-0.09462
-0.02618
0.11091
-0.04283
-0.08425
0.09526
0.02497
-0.11080
0.04398
0.08344
-0.09590
-0.02376
0.11069
-0.04511
-0.08261
0.09652
0.02255
-0.11055
0.04624
0.08178
-0.09713
-0.02133
0.11041
-0.04737
-0.08093
0.09773
0.02012
-0.11025
0.04849
0.08008
-0.09832
-0.01889
0.11008
-0.04960
-0.07921
0.09889
0.01767
-0.10989
0.05071
0.07833
-0.09945
-0.01645
0.10969
-0.05181
-0.07745
0.10000
0.01522
-0.10947
0.05290
0.07655
-0.10054
-0.01399
0.10925
-0.05399
-0.07565
0.10107
0.01276
-0.10900
0.05507
0.07473
-0.10158
-0.01152
0.10875
-0.05615
-0.07381
0.10208
0.01029
0.11284
-0.03519
-0.09094
0.09178
0.03382
-0.11283
0.03639
0.09019
-0.09251
-0.03262
0.11281
-0.03757
-0.08943
0.09322
0.03142
-0.11277
0.03876
0.08865
-0.09393
-0.03021
0.11272
-0.03994
-0.08787
0.09462
0.02899
-0.11266
0.04111
0.08707
-0.09530
-0.02777
0.11258
-0.04228
-0.08627
0.09596
0.02655
-0.11249
0.04344
0.08545
-0.09662
-0.02533
0.11238
-0.04460
-0.08463
0.09726
0.02410
-0.11226
0.04576
0.08379
-0.09789
-0.02287
0.11213
-0.04690
-0.08294
0.09851
0.02164
-0.11198
0.04804
0.08208
-0.09912
-0.02040
0.11182
-0.04918
-0.08121
0.09972
0.01916
-0.11164
0.05031
0.08034
-0.10030
-0.01792
0.11145
-0.05143
-0.07945
0.10087
0.01668
-0.11125
0.05255
0.07855
-0.10143
-0.01543
0.11103
-0.05366
-0.07764
0.10197
0.01419
-0.11080
0.05476
0.07672
-0.10250
-0.01294
0.11056
-0.05586
-0.07580
0.10302
0.01169
-0.11030
0.05695
0.07486
-0.10353
-0.01044
-0.11442
0.03569
0.09221
-0.09307
-0.03430
0.11441
-0.03690
-0.09145
0.09380
0.03308
-0.11439
0.03810
0.09068
-0.09453
-0.03186
0.11435
-0.03930
-0.08990
0.09524
0.03063
-0.11430
0.04050
0.08910
-0.09594
-0.02940
0.11424
-0.04169
-0.08830
0.09663
0.02816
-0.11416
0.04287
0.08748
-0.09731
-0.02693
0.11406
-0.04405
-0.08665
0.09797
0.02568
-0.11396
0.04523
0.08581
-0.09863
-0.02444
0.11384
-0.04640
-0.08496
0.09927
0.02319
-0.11370
0.04756
0.08410
-0.09990
-0.02194
0.11355
-0.04872
-0.08323
0.10051
0.02069
-0.11339
0.04987
0.08235
-0.10111
-0.01943
0.11321
-0.05101
-0.08146
0.10171
0.01817
-0.11301
0.05215
0.08056
-0.10228
-0.01691
0.11281
-0.05328
-0.07965
0.10285
0.01565
-0.11259
0.05441
0.07873
-0.10340
-0.01439
0.11235
-0.05553
-0.07780
0.10394
0.01312
-0.11211
0.05664
0.07686
-0.10447
-0.01185
0.11184
-0.05775
-0.07591
0.10498
0.01058
0.11600
-0.03618
-0.09349
0.09436
0.03477
-0.11599
0.03741
0.09272
-0.09510
-0.03354
0.11597
-0.03863
-0.09193
0.09584
0.03230
-0.11593
0.03985
0.09114
-0.09656
-0.03105
0.11588
-0.04106
-0.09033
0.09727
0.02981
-0.11582
0.04226
0.08952
-0.09797
-0.02855
0.11574
-0.04347
-0.08869
0.09865
0.02730
-0.11564
0.04466
0.08785
-0.09933
-0.02604
0.11553
-0.04585
-0.08700
0.09999
0.02478
-0.11541
0.04704
0.08614
-0.10064
-0.02351
0.11527
-0.04822
-0.08527
0.10128
0.02224
-0.11512
0.04939
0.08438
-0.10190
-0.02097
0.11495
-0.05056
-0.08349
0.10251
0.01970
-0.11477
0.05172
0.08259
-0.10311
-0.01843
0.11458
-0.05287
-0.08168
0.10370
0.01715
-0.11437
0.05402
0.08075
-0.10427
-0.01587
0.11414
-0.05516
-0.07982
0.10483
0.01459
-0.11391
0.05630
0.07888
-0.10538
-0.01330
0.11366
-0.05742
-0.07792
0.10591
0.01202
-0.11339
0.05854
0.07696
-0.10643
-0.01073
-0.11758
0.03667
0.09476
-0.09564
-0.03525
0.11758
-0.03792
-0.09398
0.09640
0.03399
-0.11755
0.03916
0.09319
-0.09714
-0.03274
0.11751
-0.04039
-0.09238
0.09788
0.03148
-0.11746
0.04162
0.09157
-0.09860
-0.03021
0.11740
-0.04284
-0.09074
0.09930
0.02894
-0.11731
0.04406
0.08990
-0.10000
-0.02767
0.11722
-0.04527
-0.08905
0.10068
0.02639
-0.11711
0.04648
0.08819
-0.10135
-0.02512
0.11698
-0.04768
-0.08731
0.10201
0.02383
-0.11684
0.04888
0.08643
-0.10266
-0.02255
0.11669
-0.05006
-0.08554
0.10329
0.02126
-0.11652
0.05125
0.08463
-0.10391
-0.01997
0.11634
-0.05242
-0.08372
0.10452
0.01868
-0.11614
0.05359
0.08279
-0.10511
-0.01738
0.11593
-0.05476
-0.08185
0.10569
0.01608
-0.11570
0.05591
0.08091
-0.10626
-0.01478
0.11546
-0.05706
-0.07995
0.10682
0.01348
-0.11521
0.05821
0.07899
-0.10736
-0.01218
0.11494
-0.05934
-0.07801
0.10788
0.01088
0.11917
-0.03717
-0.09604
0.09693
0.03572
-0.11916
0.03843
0.09524
-0.09770
-0.03445
0.11913
-0.03968
-0.09444
0.09845
0.03318
-0.11910
0.04093
0.09362
-0.09919
-0.03190
0.11904
-0.04218
-0.09280
0.09992
0.03062
-0.11897
0.04342
0.09196
-0.10064
-0.02933
0.11889
-0.04465
-0.09111
0.10134
0.02804
-0.11880
0.04588
0.09024
-0.10204
-0.02675
0.11868
-0.04710
-0.08937
0.10272
0.02545
-0.11856
0.04832
0.08849
-0.10338
-0.02415
0.11841
-0.04953
-0.08759
0.10404
0.02285
-0.11826
0.05074
0.08669
-0.10468
-0.02155
0.11809
-0.05194
-0.08577
0.10531
0.02024
-0.11790
0.05313
0.08484
-0.10592
-0.01893
0.11770
-0.05431
-0.08390
0.10653
0.01762
-0.11749
0.05549
0.08295
-0.10711
-0.01630
0.11726
-0.05667
-0.08200
0.10769
0.01498
-0.11701
0.05783
0.08103
-0.10825
-0.01366
0.11675
-0.05899
-0.08005
0.10880
0.01234
-0.11648
0.06014
0.07906
-0.10934
-0.01102
-0.12075
0.03766
0.09731
-0.09821
-0.03620
0.12074
-0.03894
-0.09651
0.09899
0.03491
-0.12071
0.04021
0.09569
-0.09976
-0.03362
0.12068
-0.04148
-0.09487
0.10051
0.03232
-0.12062
0.04274
0.09403
-0.10125
-0.03102
0.12055
-0.04399
-0.09318
0.10198
0.02972
-0.12047
0.04524
0.09232
-0.10269
-0.02841
0.12037
-0.04649
-0.09144
0.10339
0.02710
-0.12026
0.04773
0.09056
-0.10408
-0.02579
0.12013
-0.04896
-0.08966
0.10476
0.02447
-0.11999
0.05019
0.08875
-0.10542
-0.02315
0.11983
-0.05141
-0.08784
0.10607
0.02183
-0.11965
0.05263
0.08691
-0.10671
-0.02051
0.11947
-0.05383
-0.08597
0.10733
0.01918
-0.11926
0.05504
0.08502
-0.10794
-0.01785
0.11905
-0.05623
-0.08406
0.10854
0.01652
-0.11881
0.05742
0.08308
-0.10912
-0.01518
0.11857
-0.05860
-0.08210
0.10969
0.01385
-0.11830
0.05977
0.08111
-0.11024
-0.01251
0.11803
-0.06094
-0.08011
0.11079
0.01117
0.12233
-0.03815
-0.09859
0.09950
0.03667
-0.12232
0.03945
0.09777
-0.10029
-0.03537
0.12229
-0.04073
-0.09695
0.10106
0.03406
-0.12226
0.04202
0.09611
-0.10182
-0.03275
0.12220
-0.04330
-0.09526
0.10257
0.03143
-0.12213
0.04457
0.09440
-0.10331
-0.03011
0.12205
-0.04584
-0.09352
0.10403
0.02879
-0.12195
0.04710
0.09264
-0.10475
-0.02746
0.12183
-0.04835
-0.09174
0.10544
0.02613
-0.12170
0.04960
0.09084
-0.10613
-0.02479
0.12156
-0.05085
-0.08992
0.10680
0.02346
-0.12140
0.05208
0.08899
-0.10746
-0.02212
0.12122
-0.05331
-0.08804
0.10810
0.02078
-0.12103
0.05454
0.08709
-0.10873
-0.01943
0.12083
-0.05576
-0.08613
0.10935
0.01808
-0.12060
0.05697
0.08516
-0.10996
-0.01673
0.12037
-0.05817
-0.08417
0.11055
0.01538
-0.12012
0.05937
0.08318
-0.11112
-0.01403
0.11985
-0.06055
-0.08217
0.11169
0.01267
-0.11957
0.06174
0.08116
-0.11224
-0.01131
-0.12391
0.03865
0.09986
-0.10079
-0.03714
0.12390
-0.03996
-0.09904
0.10158
0.03582
-0.12387
0.04126
0.09820
-0.10237
-0.03450
0.12384
-0.04256
-0.09735
0.10314
0.03317
-0.12378
0.04386
0.09649
-0.10390
-0.03184
0.12371
-0.04515
-0.09562
0.10465
0.03050
-0.12362
0.04643
0.09473
-0.10538
-0.02916
0.12352
-0.04771
-0.09384
0.10610
0.02781
-0.12341
0.04898
0.09293
-0.10681
-0.02647
0.12327
-0.05024
-0.09201
0.10750
0.02512
-0.12313
0.05150
0.09108
-0.10818
-0.02376
0.12297
-0.05276
-0.09014
0.10885
0.02240
-0.12279
0.05400
0.08918
-0.10950
-0.02104
0.12259
-0.05524
-0.08822
0.11014
0.01968
-0.12239
0.05648
0.08724
-0.11077
-0.01832
0.12216
-0.05770
-0.08626
0.11138
0.01695
-0.12192
0.05892
0.08526
-0.11198
-0.01558
0.12167
-0.06013
-0.08425
0.11256
0.01421
-0.12140
0.06134
0.08323
-0.11313
-0.01283
0.12112
-0.06253
-0.08220
0.11369
0.01146
0.12549
-0.03914
-0.10113
0.10207
0.03762
-0.12548
0.04047
0.10030
-0.10288
-0.03628
0.12545
-0.04179
-0.09945
0.10367
0.03494
-0.12541
0.04310
0.09859
-0.10446
-0.03359
0.12536
-0.04442
-0.09772
0.10522
0.03224
-0.12529
0.04572
0.09684
-0.10598
-0.03089
0.12520
-0.04702
-0.09594
0.10672
0.02953
-0.12510
0.04831
0.09503
-0.10745
-0.02817
0.12498
-0.04960
-0.09411
0.10817
0.02680
-0.12485
0.05088
0.09318
-0.10887
-0.02544
0.12470
-0.05216
-0.09224
0.10956
0.02406
-0.12453
0.05343
0.09129
-0.11023
-0.02269
0.12435
-0.05469
-0.09032
0.11090
0.02131
-0.12416
0.05595
0.08934
-0.11154
-0.01993
0.12395
-0.05720
-0.08835
0.11218
0.01855
-0.12372
0.05844
0.08736
-0.11280
-0.01716
0.12348
-0.05967
-0.08635
0.11340
0.01578
-0.12322
0.06090
0.08533
-0.11400
-0.01439
0.12295
-0.06212
-0.08429
0.11457
0.01300
-0.12266
0.06333
0.08325
-0.11514
-0.01161
-0.12707
0.03963
0.10241
-0.10336
-0.03809
0.12706
-0.04098
-0.10156
0.10417
0.03674
-0.12703
0.04231
0.10070
-0.10498
-0.03538
0.12699
-0.04365
-0.09983
0.10577
0.03402
-0.12694
0.04497
0.09895
-0.10655
-0.03265
0.12686
-0.04630
-0.09806
0.10731
0.03128
-0.12678
0.04761
0.09715
-0.10807
-0.02990
0.12667
-0.04892
-0.09623
0.10880
0.02852
-0.12655
0.05023
0.09530
-0.10953
-0.02714
0.12642
-0.05153
-0.09436
0.11024
0.02576
-0.12627
0.05282
0.09340
-0.11094
-0.02437
0.12610
-0.05410
-0.09243
0.11162
0.02298
-0.12592
0.05538
0.09146
-0.11229
-0.02158
0.12572
-0.05665
-0.09047
0.11295
0.02018
-0.12551
0.05792
0.08947
-0.11359
-0.01878
0.12528
-0.05917
-0.08846
0.11422
0.01738
-0.12503
0.06042
0.08743
-0.11483
-0.01598
0.12477
-0.06167
-0.08640
0.11543
0.01457
-0.12450
0.06290
0.08536
-0.11602
-0.01316
0.12421
-0.06413
-0.08430
0.11659
0.01175
0.12865
-0.04012
-0.10368
0.10464
0.03856
-0.12864
0.04148
0.10282
-0.10547
-0.03719
0.12861
-0.04284
-0.10196
0.10628
0.03582
-0.12857
0.04419
0.10107
-0.10709
-0.03444
0.12851
-0.04553
-0.10018
0.10787
0.03305
-0.12844
0.04687
0.09927
-0.10865
-0.03167
0.12835
-0.04820
-0.09836
0.10941
0.03027
-0.12825
0.04953
0.09743
-0.11016
-0.02888
0.12813
-0.05085
-0.09648
0.11089
0.02748
-0.12799
0.05217
0.09553
-0.11161
-0.02608
0.12784
-0.05347
-0.09456
0.11232
0.02467
-0.12767
0.05478
0.09358
-0.11301
-0.02326
0.12748
-0.05607
-0.09259
0.11369
0.02185
-0.12728
0.05736
0.09159
-0.11435
-0.02043
0.12707
-0.05864
-0.09058
0.11500
0.01902
-0.12684
0.05991
0.08956
-0.11564
-0.01760
0.12659
-0.06118
-0.08852
0.11626
0.01618
-0.12632
0.06243
0.08747
-0.11687
-0.01475
0.12605
-0.06368
-0.08642
0.11746
0.01333
-0.12575
0.06493
0.08535
-0.11804
-0.01190
-0.13023
0.04062
0.10495
-0.10593
-0.03904
0.13022
-0.04199
-0.10409
0.10676
0.03765
-0.13019
0.04337
0.10321
-0.10759
-0.03626
0.13015
-0.04473
-0.10232
0.10840
0.03486
-0.13009
0.04609
0.10141
-0.10920
-0.03346
0.13002
-0.04745
-0.10049
0.10998
0.03205
-0.12993
0.04880
0.09956
-0.11075
-0.03065
0.12982
-0.05014
-0.09862
0.11151
0.02923
-0.12970
0.05148
0.09767
-0.11225
-0.02782
0.12956
-0.05281
-0.09670
0.11298
0.02640
-0.12941
0.05413
0.09572
-0.11370
-0.02497
0.12924
-0.05545
-0.09473
0.11440
0.02355
-0.12905
0.05676
0.09373
-0.11508
-0.02212
0.12885
-0.05806
-0.09272
0.11576
0.02068
-0.12863
0.05936
0.09169
-0.11641
-0.01925
0.12839
-0.06065
-0.09065
0.11706
0.01781
-0.12814
0.06193
0.08961
-0.11769
-0.01637
0.12788
-0.06320
-0.08855
0.11830
0.01493
-0.12759
0.06447
0.08748
-0.11890
-0.01349
0.12729
-0.06572
-0.08640
0.11948
0.01204
0.13181
-0.04111
-0.10622
0.10721
0.03951
-0.13180
0.04250
0.10535
-0.10806
-0.03811
0.13177
-0.04389
-0.10446
0.10889
0.03670
-0.13173
0.04527
0.10356
-0.10971
-0.03528
0.13167
-0.04665
-0.10264
0.11052
0.03387
-0.13159
0.04802
0.10171
-0.11132
-0.03244
0.13150
-0.04939
-0.10077
0.11210
0.03102
-0.13140
0.05075
0.09982
-0.11286
-0.02959
0.13127
-0.05210
-0.09885
0.11361
0.02815
-0.13113
0.05345
0.09787
-0.11435
-0.02672
0.13098
-0.05479
-0.09688
0.11507
0.02528
-0.13080
0.05612
0.09588
-0.11578
-0.02383
0.13061
-0.05745
-0.09487
0.11648
0.02239
-0.13041
0.05876
0.09384
-0.11716
-0.02094
0.13019
-0.06008
-0.09280
0.11783
0.01948
-0.12995
0.06138
0.09175
-0.11848
-0.01803
0.12970
-0.06268
-0.09069
0.11911
0.01657
-0.12943
0.06397
0.08962
-0.11973
-0.01511
0.12914
-0.06525
-0.08854
0.12034
0.01365
-0.12884
0.06652
0.08744
-0.12093
-0.01219
-0.13338
0.04160
0.10750
-0.10849
-0.03998
0.13337
-0.04301
-0.10661
0.10935
0.03856
-0.13335
0.04442
0.10571
-0.11020
-0.03714
0.13331
-0.04582
-0.10480
0.11103
0.03571
-0.13325
0.04721
0.10387
-0.11185
-0.03427
0.13317
-0.04860
-0.10293
0.11265
0.03283
-0.13308
0.04998
0.10198
-0.11344
-0.03139
0.13297
-0.05136
-0.10101
0.11421
0.02994
-0.13284
0.05272
0.10004
-0.11497
-0.02849
0.13270
-0.05409
-0.09905
0.11572
0.02704
-0.13254
0.05544
0.09804
-0.11645
-0.02558
0.13237
-0.05679
-0.09703
0.11717
0.02412
-0.13218
0.05813
0.09600
-0.11787
-0.02265
0.13197
-0.05947
-0.09496
0.11856
0.02119
-0.13175
0.06080
0.09391
-0.11924
-0.01972
0.13151
-0.06212
-0.09285
0.11990
0.01824
-0.13125
0.06343
0.09178
-0.12054
-0.01677
0.13098
-0.06473
-0.09069
0.12117
0.01529
-0.13069
0.06603
0.08960
-0.12178
-0.01382
0.13038
-0.06732
-0.08849
0.12238
0.01234
0.13496
-0.04209
-0.10877
0.10978
0.04046
-0.13495
0.04352
0.10787
-0.11065
-0.03902
0.13493
-0.04494
-0.10696
0.11150
0.03758
-0.13488
0.04636
0.10604
-0.11234
-0.03613
0.13482
-0.04777
-0.10510
0.11317
0.03468
-0.13475
0.04917
0.10415
-0.11398
-0.03322
0.13465
-0.05057
-0.10318
0.11478
0.03176
-0.13454
0.05196
0.10221
-0.11556
-0.03030
0.13442
-0.05335
-0.10122
0.11633
0.02883
-0.13427
0.05473
0.10022
-0.11709
-0.02736
0.13411
-0.05610
-0.09920
0.11783
0.02588
-0.13394
0.05746
0.09818
-0.11856
-0.02440
0.13374
-0.05882
-0.09714
0.11927
0.02292
-0.13353
0.06017
0.09609
-0.11997
-0.02144
0.13331
-0.06152
-0.09503
0.12065
0.01995
-0.13306
0.06285
0.09395
-0.12131
-0.01846
0.13280
-0.06418
-0.09287
0.12197
0.01697
-0.13253
0.06550
0.09177
-0.12260
-0.01548
0.13223
-0.06681
-0.09066
0.12322
0.01398
-0.13192
0.06811
0.08954
-0.12383
-0.01248
-0.13654
0.04259
0.11004
-0.11106
-0.04093
0.13653
-0.04403
-0.10913
0.11194
0.03947
-0.13650
0.04547
0.10821
-0.11280
-0.03802
0.13646
-0.04690
-0.10728
0.11366
0.03655
-0.13640
0.04833
0.10633
-0.11449
-0.03508
0.13632
-0.04975
-0.10537
0.11531
0.03361
-0.13623
0.05116
0.10439
-0.11612
-0.03213
0.13612
-0.05257
-0.10340
0.11692
0.03065
-0.13599
0.05397
0.10240
-0.11769
-0.02916
0.13584
-0.05537
-0.10139
0.11846
0.02768
-0.13568
0.05675
0.10036
-0.11921
-0.02618
0.13550
-0.05814
-0.09933
0.11994
0.02469
-0.13531
0.05951
0.09827
-0.12066
-0.02319
0.13509
-0.06088
-0.09721
0.12137
0.02169
-0.13486
0.06223
0.09614
-0.12206
-0.02018
0.13462
-0.06359
-0.09505
0.12273
0.01868
-0.13435
0.06493
0.09395
-0.12339
-0.01717
0.13407
-0.06626
-0.09284
0.12404
0.01566
-0.13378
0.06759
0.09172
-0.12466
-0.01414
0.13347
-0.06891
-0.09059
0.12528
0.01263
0.13812
-0.04308
-0.11131
0.11234
0.04140
-0.13811
0.04454
0.11039
-0.11323
-0.03993
0.13808
-0.04599
-0.10946
0.11411
0.03845
-0.13804
0.04744
0.10851
-0.11497
-0.03697
0.13798
-0.04889
-0.10756
0.11581
0.03549
-0.13790
0.05032
0.10658
-0.11665
-0.03400
0.13780
-0.05175
-0.10560
0.11746
0.03250
-0.13769
0.05318
0.10460
-0.11827
-0.03100
0.13756
-0.05460
-0.10359
0.11905
0.02950
-0.13741
0.05601
0.10256
-0.11983
-0.02800
0.13725
-0.05741
-0.10152
0.12059
0.02649
-0.13707
0.05881
0.10047
-0.12133
-0.02497
0.13687
-0.06020
-0.09941
0.12206
0.02346
-0.13665
0.06158
0.09833
-0.12277
-0.02194
0.13642
-0.06295
-0.09725
0.12347
0.02042
-0.13617
0.06432
0.09615
-0.12415
-0.01889
0.13591
-0.06568
-0.09504
0.12482
0.01737
-0.13562
0.06703
0.09391
-0.12547
-0.01584
0.13532
-0.06837
-0.09278
0.12610
0.01431
-0.13501
0.06970
0.09163
-0.12673
-0.01277
-0.13970
0.04357
0.11258
-0.11363
-0.04188
0.13969
-0.04505
-0.11165
0.11453
0.04039
-0.13966
0.04652
0.11071
-0.11541
-0.03889
0.13961
-0.04798
-0.10975
0.11628
0.03740
-0.13955
0.04944
0.10878
-0.11714
-0.03589
0.13947
-0.05090
-0.10780
0.11798
0.03439
-0.13938
0.05234
0.10680
-0.11880
-0.03287
0.13926
-0.05378
-0.10579
0.11962
0.03136
-0.13913
0.05522
0.10477
-0.12041
-0.02984
0.13898
-0.05665
-0.10373
0.12120
0.02832
-0.13882
0.05807
0.10268
-0.12196
-0.02679
0.13863
-0.05948
-0.10162
0.12271
0.02526
-0.13843
0.06088
0.10055
-0.12345
-0.02372
0.13821
-0.06228
-0.09946
0.12417
0.02219
-0.13798
0.06367
0.09836
-0.12488
-0.02065
0.13773
-0.06505
-0.09725
0.12557
0.01911
-0.13746
0.06643
0.09612
-0.12624
-0.01756
0.13717
-0.06779
-0.09499
0.12690
0.01602
-0.13687
0.06915
0.09384
-0.12755
-0.01447
0.13655
-0.07050
-0.09268
0.12817
0.01292
0.14127
-0.04406
-0.11385
0.11491
0.04235
-0.14126
0.04556
0.11291
-0.11582
-0.04084
0.14123
-0.04704
-0.11196
0.11671
0.03933
-0.14119
0.04853
0.11099
-0.11759
-0.03782
0.14113
-0.05000
-0.11001
0.11846
0.03630
-0.14105
0.05147
0.10902
-0.11931
-0.03477
0.14095
-0.05294
-0.10801
0.12015
0.03324
-0.14083
0.05439
0.10699
-0.12097
-0.03171
0.14070
-0.05584
-0.10595
0.12177
0.03018
-0.14055
0.05729
0.10490
-0.12256
-0.02863
0.14038
-0.05872
-0.10384
0.12334
0.02709
-0.14020
0.06015
0.10277
-0.12410
-0.02554
0.13999
-0.06157
-0.10168
0.12484
0.02399
-0.13977
0.06299
0.10058
-0.12557
-0.02244
0.13954
-0.06439
-0.09947
0.12629
0.02088
-0.13928
0.06579
0.09834
-0.12699
-0.01932
0.13901
-0.06718
-0.09721
0.12767
0.01776
-0.13872
0.06856
0.09606
-0.12833
-0.01620
0.13841
-0.06993
-0.09490
0.12898
0.01463
-0.13809
0.07130
0.09372
-0.12962
-0.01307
-0.14285
0.04455
0.11512
-0.11619
-0.04282
0.14284
-0.04606
-0.11417
0.11711
0.04130
-0.14281
0.04757
0.11321
-0.11802
-0.03977
0.14276
-0.04907
-0.11223
0.11891
0.03824
-0.14270
0.05056
0.11124
-0.11978
-0.03670
0.14262
-0.05205
-0.11023
0.12064
0.03516
-0.14252
0.05353
0.10921
-0.12149
-0.03362
0.14240
-0.05500
-0.10818
0.12232
0.03207
-0.14227
0.05647
0.10713
-0.12313
-0.03051
0.14212
-0.05792
-0.10607
0.12393
0.02895
-0.14195
0.05938
0.10500
-0.12472
-0.02739
0.14176
-0.06082
-0.10391
0.12548
0.02583
-0.14156
0.06226
0.10281
-0.12624
-0.02426
0.14133
-0.06369
-0.10170
0.12698
0.02269
-0.14109
0.06511
0.10058
-0.12770
-0.02112
0.14084
-0.06652
-0.09944
0.12840
0.01954
-0.14056
0.06793
0.09829
-0.12909
-0.01796
0.14027
-0.06932
-0.09713
0.12977
0.01638
-0.13996
0.07071
0.09596
-0.13042
-0.01480
0.13963
-0.07209
-0.09477
0.13107
0.01321
0.14442
-0.04505
-0.11639
0.11747
0.04329
-0.14441
0.04657
0.11543
-0.11840
-0.04175
0.14439
-0.04809
-0.11446
0.11932
0.04021
-0.14434
0.04961
0.11347
-0.12022
-0.03866
0.14428
-0.05112
-0.11247
0.12110
0.03711
-0.14419
0.05262
0.11145
-0.12197
-0.03555
0.14409
-0.05412
-0.11042
0.12283
0.03399
-0.14398
0.05561
0.10937
-0.12367
-0.03242
0.14384
-0.05709
-0.10832
0.12449
0.03085
-0.14369
0.05856
0.10724
-0.12530
-0.02927
0.14352
-0.06003
-0.10616
0.12609
0.02770
-0.14333
0.06149
0.10506
-0.12687
-0.02611
0.14312
-0.06295
-0.10395
0.12763
0.02453
-0.14289
0.06439
0.10283
-0.12838
-0.02294
0.14265
-0.06583
-0.10169
0.12911
0.02135
-0.14239
0.06726
0.10054
-0.12982
-0.01976
0.14211
-0.06868
-0.09938
0.13052
0.01816
-0.14182
0.07009
0.09820
-0.13120
-0.01656
0.14150
-0.07149
-0.09701
0.13186
0.01496
-0.14117
0.07289
0.09582
-0.13251
-0.01336
-0.14600
0.04554
0.11766
-0.11876
-0.04377
0.14599
-0.04708
-0.11669
0.11970
0.04221
-0.14596
0.04862
0.11571
-0.12062
-0.04065
0.14591
-0.05015
-0.11471
0.12153
0.03908
-0.14585
0.05168
0.11369
-0.12242
-0.03751
0.14577
-0.05319
-0.11267
0.12330
0.03594
-0.14567
0.05471
0.11162
-0.12417
-0.03436
0.14555
-0.05621
-0.11057
0.12502
0.03277
-0.14541
0.05771
0.10950
-0.12585
-0.03119
0.14525
-0.05920
-0.10841
0.12667
0.02959
-0.14508
0.06069
0.10732
-0.12747
-0.02800
0.14489
-0.06216
-0.10621
0.12825
0.02640
-0.14468
0.06363
0.10508
-0.12902
-0.02480
0.14445
-0.06509
-0.10395
0.12978
0.02319
-0.14421
0.06655
0.10280
-0.13051
-0.02158
0.14394
-0.06799
-0.10164
0.13124
0.01997
-0.14366
0.06943
0.10046
-0.13194
-0.01836
0.14336
-0.07085
-0.09927
0.13263
0.01674
-0.14305
0.07227
0.09807
-0.13330
-0.01512
0.14271
-0.07368
-0.09686
0.13396
0.01350
0.14758
-0.04603
-0.11893
0.12004
0.04424
-0.14757
0.04759
0.11795
-0.12099
-0.04267
0.14754
-0.04914
-0.11696
0.12192
0.04109
-0.14749
0.05069
0.11595
-0.12284
-0.03951
0.14742
-0.05223
-0.11492
0.12374
0.03792
-0.14734
0.05377
0.11388
-0.12463
-0.03633
0.14724
-0.05530
-0.11283
0.12551
0.03473
-0.14712
0.05682
0.11176
-0.12636
-0.03313
0.14698
-0.05833
-0.11068
0.12721
0.03152
-0.14682
0.05984
0.10958
-0.12803
-0.02991
0.14665
-0.06134
-0.10848
0.12884
0.02830
-0.14645
0.06283
0.10735
-0.12964
-0.02668
0.14624
-0.06432
-0.10622
0.13042
0.02506
-0.14601
0.06580
0.10507
-0.13118
-0.02344
0.14576
-0.06726
-0.10391
0.13192
0.02181
-0.14550
0.06872
0.10273
-0.13265
-0.02019
0.14521
-0.07018
-0.10154
0.13336
0.01856
-0.14491
0.07162
0.10034
-0.13406
-0.01692
0.14459
-0.07305
-0.09913
0.13474
0.01529
-0.14425
0.07448
0.09791
-0.13540
-0.01365
-0.14915
0.04652
0.12020
-0.12132
-0.04471
0.14914
-0.04810
-0.11921
0.12228
0.04312
-0.14911
0.04967
0.11820
-0.12322
-0.04153
0.14906
-0.05123
-0.11718
0.12415
0.03993
-0.14900
0.05279
0.11615
-0.12507
-0.03832
0.14891
-0.05434
-0.11510
0.12596
0.03671
-0.14881
0.05589
0.11403
-0.12685
-0.03510
0.14869
-0.05743
-0.11295
0.12771
0.03348
-0.14855
0.05896
0.11186
-0.12856
-0.03186
0.14839
-0.06048
-0.11075
0.12940
0.03023
-0.14821
0.06200
0.10963
-0.13022
-0.02860
0.14802
-0.06350
-0.10850
0.13102
0.02697
-0.14780
0.06501
0.10735
-0.13181
-0.02533
0.14757
-0.06650
-0.10619
0.13258
0.02369
-0.14732
0.06798
0.10502
-0.13333
-0.02205
0.14705
-0.06946
-0.10383
0.13407
0.02040
-0.14676
0.07093
0.10263
-0.13479
-0.01875
0.14646
-0.07238
-0.10142
0.13549
0.01710
-0.14613
0.07383
0.10019
-0.13618
-0.01545
0.14579
-0.07527
-0.09895
0.13685
0.01379
0.15073
-0.04701
-0.12147
0.12260
0.04518
-0.15071
0.04860
0.12047
-0.12357
-0.04358
0.15069
-0.05019
-0.11945
0.12452
0.04196
-0.15064
0.05177
0.11842
-0.12546
-0.04035
0.15057
-0.05335
-0.11737
0.12639
0.03873
-0.15048
0.05492
0.11631
-0.12729
-0.03710
0.15038
-0.05648
-0.11524
0.12819
0.03547
-0.15026
0.05803
0.11415
-0.12906
-0.03383
0.15012
-0.05958
-0.11304
0.12992
0.03219
-0.14996
0.06112
0.11192
-0.13077
-0.03055
0.14978
-0.06265
-0.11079
0.13159
0.02890
-0.14958
0.06418
0.10964
-0.13240
-0.02725
0.14936
-0.06569
-0.10848
0.13320
0.02560
-0.14913
0.06720
0.10731
-0.13398
-0.02394
0.14887
-0.06870
-0.10612
0.13474
0.02228
-0.14860
0.07019
0.10492
-0.13548
-0.02062
0.14831
-0.07167
-0.10371
0.13621
0.01895
-0.14800
0.07315
0.10249
-0.13692
-0.01728
0.14768
-0.07461
-0.10125
0.13762
0.01561
-0.14733
0.07607
0.10000
-0.13829
-0.01394
-0.15230
0.04750
0.12274
-0.12388
-0.04565
0.15229
-0.04911
-0.12173
0.12486
0.04403
-0.15226
0.05072
0.12070
-0.12582
-0.04240
0.15221
-0.05231
-0.11966
0.12677
0.04077
-0.15214
0.05390
0.11860
-0.12771
-0.03913
0.15206
-0.05549
-0.11753
0.12862
0.03749
-0.15195
0.05707
0.11644
-0.12952
-0.03584
0.15183
-0.05864
-0.11534
0.13041
0.03419
-0.15168
0.06020
0.11422
-0.13128
-0.03253
0.15152
-0.06176
-0.11309
0.13213
0.03087
-0.15134
0.06331
0.11195
-0.13297
-0.02921
0.15114
-0.06485
-0.11079
0.13379
0.02754
-0.15092
0.06638
0.10962
-0.13459
-0.02587
0.15069
-0.06790
-0.10843
0.13538
0.02419
-0.15043
0.06942
0.10723
-0.13615
-0.02251
0.15015
-0.07092
-0.10602
0.13690
0.02083
-0.14986
0.07242
0.10479
-0.13763
-0.01915
0.14955
-0.07391
-0.10356
0.13835
0.01746
-0.14922
0.07539
0.10230
-0.13905
-0.01578
0.14887
-0.07686
-0.10104
0.13974
0.01409
0.15387
-0.04799
-0.12401
0.12516
0.04613
-0.15386
0.04962
0.12299
-0.12615
-0.04449
0.15383
-0.05124
-0.12195
0.12712
0.04284
-0.15378
0.05285
0.12089
-0.12808
-0.04119
0.15372
-0.05446
-0.11982
0.12903
0.03954
-0.15363
0.05606
0.11874
-0.12995
-0.03788
0.15352
-0.05766
-0.11764
0.13086
0.03621
-0.15340
0.05924
0.11653
-0.13176
-0.03454
0.15325
-0.06082
-0.11540
0.13264
0.03287
-0.15309
0.06240
0.11426
-0.13350
-0.03119
0.15290
-0.06396
-0.11310
0.13434
0.02951
-0.15270
0.06552
0.11193
-0.13517
-0.02782
0.15248
-0.06706
-0.11075
0.13598
0.02613
-0.15224
0.06860
0.10955
-0.13678
-0.02444
0.15198
-0.07013
-0.10834
0.13755
0.02275
-0.15171
0.07166
0.10712
-0.13831
-0.02105
0.15141
-0.07317
-0.10588
0.13906
0.01935
-0.15110
0.07468
0.10463
-0.13978
-0.01764
0.15076
-0.07617
-0.10336
0.14049
0.01594
-0.15041
0.07766
0.10209
-0.14118
-0.01423
-0.15545
0.04848
0.12528
-0.12644
-0.04660
0.15544
-0.05013
-0.12424
0.12744
0.04494
-0.15541
0.05176
0.12319
-0.12842
-0.04328
0.15536
-0.05339
-0.12213
0.12939
0.04161
-0.15529
0.05502
0.12105
-0.13035
-0.03994
0.15520
-0.05664
-0.11996
0.13128
0.03826
-0.15509
0.05825
0.11885
-0.13220
-0.03658
0.15496
-0.05985
-0.11772
0.13310
0.03489
-0.15482
0.06145
0.11658
-0.13399
-0.03320
0.15465
-0.06303
-0.11543
0.13486
0.03151
-0.15447
0.06461
0.11426
-0.13572
-0.02981
0.15426
-0.06619
-0.11308
0.13655
0.02811
-0.15404
0.06775
0.11188
-0.13737
-0.02640
0.15380
-0.06931
-0.11067
0.13817
0.02469
-0.15354
0.07085
0.10945
-0.13896
-0.02298
0.15326
-0.07239
-0.10821
0.13973
0.02126
-0.15296
0.07392
0.10696
-0.14048
-0.01954
0.15264
-0.07544
-0.10570
0.14121
0.01782
-0.15230
0.07695
0.10442
-0.14193
-0.01610
0.15195
-0.07845
-0.10313
0.14263
0.01438
0.15702
-0.04897
-0.12655
0.12772
0.04707
-0.15701
0.05063
0.12550
-0.12873
-0.04540
0.15698
-0.05229
-0.12444
0.12972
0.04372
-0.15693
0.05393
0.12337
-0.13070
-0.04203
0.15686
-0.05558
-0.12228
0.13166
0.04034
-0.15677
0.05721
0.12117
-0.13261
-0.03865
0.15666
-0.05884
-0.12005
0.13354
0.03695
-0.15653
0.06046
0.11891
-0.13445
-0.03525
0.15638
-0.06207
-0.11776
0.13535
0.03354
-0.15622
0.06367
0.11660
-0.13623
-0.03183
0.15603
-0.06527
-0.11542
0.13709
0.03011
-0.15583
0.06686
0.11422
-0.13793
-0.02839
0.15560
-0.06844
-0.11301
0.13876
0.02667
-0.15536
0.07001
0.11179
-0.13957
-0.02494
0.15509
-0.07157
-0.11056
0.14037
0.02321
-0.15481
0.07312
0.10931
-0.14114
-0.02148
0.15451
-0.07467
-0.10804
0.14190
0.01974
-0.15418
0.07620
0.10677
-0.14264
-0.01800
0.15384
-0.07773
-0.10548
0.14336
0.01626
-0.15348
0.07924
0.10417
-0.14407
-0.01452
