1.00000
1.21413
1.22591
1.05884
0.76514
0.41376
0.07607
-0.18820
-0.34191
-0.37621
-0.31030
-0.18524
-0.05335
0.03454
0.04125
-0.04767
-0.21989
-0.43822
-0.64809
-0.78923
-0.80910
-0.67541
-0.38504
0.03258
0.51853
0.99362
1.37213
1.57769
1.55820
1.29703
0.81817
0.18418
-0.51295
-1.16645
-1.67258
-1.94835
-1.94599
-1.66161
-1.13630
-0.44966
0.29339
0.98007
1.50835
1.80360
1.83023
1.59649
1.15152
0.57564
-0.03457
-0.58334
-0.99197
-1.21122
-1.22799
-1.06491
-0.77361
-0.42279
-0.08394
0.18277
0.33951
0.37671
0.31291
0.18873
0.05634
-0.03320
-0.04226
0.04428
0.21475
0.43253
0.64337
0.78696
0.81041
0.68079
0.39417
-0.02085
-0.50598
-0.98241
-1.36439
-1.57510
-1.56169
-1.30653
-0.83257
-0.20147
0.49535
1.15129
1.66230
1.94468
1.94962
1.67206
1.15202
0.46825
-0.27478
-0.96423
-1.49759
-1.79937
-1.83290
-1.60531
-1.16481
-0.59109
0.01947
0.57088
0.98381
1.20819
1.22995
1.07090
0.78204
0.43183
0.09186
-0.17726
-0.33703
-0.37715
-0.31548
-0.19221
-0.05937
0.03181
0.04320
-0.04094
-0.20964
-0.42684
-0.63860
-0.78461
-0.81163
-0.68607
-0.40321
0.00915
0.49343
0.97114
1.35653
1.57237
1.56503
1.31589
0.84686
0.21872
-0.47772
-1.13603
-1.65188
-1.94083
-1.95306
-1.68235
-1.16763
-0.48680
0.25612
0.94828
1.48668
1.79497
1.83540
1.61399
1.17801
0.60652
-0.00433
-0.55832
-0.97553
-1.20502
-1.23179
-1.07680
-0.79043
-0.44088
-0.09982
0.17168
0.33448
0.37752
0.31801
0.19568
0.06242
-0.03036
-0.04408
0.03766
0.20457
0.42115
0.63379
0.78219
0.81274
0.69125
0.41217
0.00249
-0.48087
-0.95981
-1.34856
-1.56949
-1.56820
-1.32510
-0.86106
-0.23592
0.46007
1.12068
1.64130
1.93679
1.95632
1.69249
1.18313
0.50530
-0.23744
-0.93224
-1.47562
-1.79039
-1.83773
-1.62254
-1.19113
-0.62192
-0.01084
0.54568
0.96712
1.20172
1.23352
1.08262
0.79878
0.44993
0.10783
-0.16603
-0.33184
-0.37782
-0.32050
-0.19915
-0.06550
0.02886
0.04490
-0.03443
-0.19953
-0.41546
-0.62894
-0.77968
-0.81375
-0.69632
-0.42104
-0.01408
0.46831
0.94842
1.34049
1.56647
1.57123
1.33417
0.87514
0.25308
-0.44240
-1.10524
-1.63058
-1.93258
-1.95939
-1.70246
-1.19853
-0.52377
0.21872
0.91609
1.46441
1.78564
1.83988
1.63094
1.20416
0.63729
0.02605
-0.53295
-0.95860
-1.19829
-1.23512
-1.08835
-0.80709
-0.45898
-0.11589
0.16031
0.32913
0.37805
0.32295
0.20261
0.06861
-0.02731
-0.04565
0.03126
0.19452
0.40976
0.62405
0.77711
0.81467
0.70129
0.42983
0.02563
-0.45574
-0.93697
-1.33230
-1.56331
-1.57409
-1.34309
-0.88912
-0.27019
0.42470
1.08972
1.61972
1.92819
1.96228
1.71228
1.21381
0.54219
-0.19997
-0.89985
-1.45305
-1.78071
-1.84187
-1.63920
-1.21709
-0.65264
-0.04129
0.52013
0.94995
1.19472
1.23661
1.09399
0.81536
0.46804
0.12399
-0.15451
-0.32634
-0.37822
-0.32535
-0.20606
-0.07174
0.02571
0.04634
-0.02815
-0.18954
-0.40406
-0.61912
-0.77445
-0.81548
-0.70615
-0.43853
-0.03712
0.44318
0.92546
1.32401
1.56000
1.57679
1.35187
0.90299
0.28725
-0.40699
-1.07410
-1.60871
-1.92362
-1.96498
-1.72193
-1.22898
-0.56057
0.18120
0.88351
1.44155
1.77561
1.84368
1.64732
1.22993
0.66795
0.05657
-0.50722
-0.94118
-1.19102
-1.23798
-1.09954
-0.82358
-0.47711
-0.13213
0.14865
0.32347
0.37832
0.32771
0.20950
0.07489
-0.02406
-0.04697
0.02510
0.18460
0.39837
0.61415
0.77172
0.81620
0.71092
0.44714
0.04856
-0.43062
-0.91391
-1.31561
-1.55655
-1.57934
-1.36051
-0.91675
-0.30426
0.38925
1.05840
1.59756
1.91887
1.96749
1.73142
1.24403
0.57889
-0.16240
-0.86708
-1.42990
-1.77034
-1.84532
-1.65529
-1.24268
-0.68324
-0.07188
0.49423
0.93229
1.18719
1.23922
1.10500
0.83176
0.48617
0.14032
-0.14272
-0.32052
-0.37835
-0.33003
-0.21293
-0.07807
0.02236
0.04754
-0.02210
-0.17970
-0.39267
-0.60914
-0.76892
-0.81682
-0.71558
-0.45566
-0.05995
0.41806
0.90230
1.30711
1.55295
1.58173
1.36899
0.93041
0.32122
-0.37151
-1.04261
-1.58626
-1.91394
-1.96982
-1.74074
-1.25897
-0.59717
0.14358
0.85056
1.41810
1.76489
1.84679
1.66312
1.25533
0.69849
0.08722
-0.48115
-0.92328
-1.18323
-1.24035
-1.11038
-0.83988
-0.49524
-0.14854
0.13671
0.31749
0.37831
0.33230
0.21634
0.08127
-0.02061
-0.04804
0.01916
0.17483
0.38698
0.60410
0.76604
0.81735
0.72013
0.46410
0.07129
-0.40551
-0.89063
-1.29851
-1.54922
-1.58397
-1.37733
-0.94395
-0.33812
0.35374
1.02674
1.57483
1.90884
1.97197
1.74990
1.27380
0.61540
-0.12473
-0.83394
-1.40616
-1.75927
-1.84808
-1.67080
-1.26789
-0.71370
-0.10259
0.46799
0.91415
1.17914
1.24135
1.11566
0.84797
0.50430
0.15681
-0.13064
-0.31439
-0.37820
-0.33453
-0.21975
-0.08449
0.01881
0.04848
-0.01628
-0.17000
-0.38129
-0.59902
-0.76310
-0.81777
-0.72458
-0.47244
-0.08257
0.39296
0.87892
1.28980
1.54534
1.58604
1.38552
0.95737
0.35496
-0.33597
-1.01079
-1.56325
-1.90356
-1.97393
-1.75890
-1.28850
-0.63357
0.10587
0.81724
1.39408
1.75348
1.84921
1.67834
1.28034
0.72888
0.11798
-0.45475
-0.90491
-1.17491
-1.24223
-1.12085
-0.85600
-0.51336
-0.16512
0.12450
0.31120
0.37802
0.33671
0.22314
0.08774
-0.01696
-0.04886
0.01346
0.16521
0.37561
0.59390
0.76008
0.81810
0.72893
0.48070
0.09379
-0.38042
-0.86716
-1.28099
-1.54132
-1.58796
-1.39356
-0.97069
-0.37175
0.31819
0.99476
1.55154
1.89810
1.97570
1.76773
1.30308
0.65169
-0.08698
-0.80044
-1.38186
-1.74752
-1.85015
-1.68573
-1.29270
-0.74402
-0.13340
0.44143
0.89554
1.17055
1.24298
1.12595
0.86398
0.52242
0.17346
-0.11830
-0.30794
-0.37776
-0.33884
-0.22652
-0.09100
0.01506
0.04918
-0.01070
-0.16046
-0.36993
-0.58875
-0.75699
-0.81833
-0.73317
-0.48886
-0.10496
0.36789
0.85535
1.27208
1.53717
1.58972
1.40146
0.98389
0.38848
-0.30039
-0.97865
-1.53969
-1.89247
-1.97729
-1.77639
-1.31754
-0.66975
0.06808
0.78357
1.36949
1.74138
1.85093
1.69297
1.30496
0.75912
0.14884
-0.42803
-0.88606
-1.16606
-1.24362
-1.13095
-0.87191
-0.53148
-0.18184
0.11202
0.30460
0.37744
0.34092
0.22988
0.09429
-0.01311
-0.04943
0.00799
0.15575
0.36426
0.58357
0.75383
0.81847
0.73731
0.49693
0.11606
-0.35536
-0.84350
-1.26308
-1.53287
-1.59132
-1.40920
-0.99697
-0.40514
0.28259
0.96246
1.52770
1.88667
1.97869
1.78488
1.33188
0.68775
-0.04916
-0.76660
-1.35699
-1.73508
-1.85152
-1.70005
-1.31711
-0.77418
-0.16431
0.41456
0.87647
1.16143
1.24412
1.13585
0.87979
0.54052
0.19026
-0.10568
-0.30118
-0.37705
-0.34296
-0.23323
-0.09759
0.01112
0.04963
-0.00535
-0.15107
-0.35860
-0.57836
-0.75060
-0.81851
-0.74134
-0.50491
-0.12711
0.34285
0.83160
1.25397
1.52844
1.59277
1.41679
1.00993
0.42174
-0.26479
-0.94620
-1.51558
-1.88069
-1.97990
-1.79321
-1.34609
-0.70569
0.03024
0.74956
1.34434
1.72860
1.85195
1.70699
1.32916
0.78919
0.17979
-0.40100
-0.86675
-1.15668
-1.24451
-1.14066
-0.88761
-0.54957
-0.19872
0.09927
0.29768
0.37658
0.34494
0.23656
0.10091
-0.00909
-0.04976
0.00276
0.14644
0.35294
0.57311
0.74731
0.81846
0.74527
0.51280
0.13810
-0.33036
-0.81966
-1.24477
-1.52387
-1.59406
-1.42424
-1.02278
-0.43828
0.24698
0.92987
1.50333
1.87453
1.98093
1.80136
1.36018
0.72357
-0.01130
-0.73243
-1.33156
-1.72195
-1.85220
-1.71378
-1.34110
-0.80416
-0.19530
0.38737
0.85692
1.15179
1.24477
1.14538
0.89538
0.55860
0.20721
-0.09280
-0.29410
-0.37604
-0.34688
-0.23987
-0.10425
0.00700
0.04983
-0.00024
-0.14185
-0.34730
-0.56784
-0.74394
-0.81831
-0.74910
-0.52060
-0.14903
0.31787
0.80768
1.23548
1.51917
1.59519
1.43153
1.03551
0.45476
-0.22917
-0.91347
-1.49095
-1.86821
-1.98177
-1.80934
-1.37414
-0.74139
-0.00765
0.71522
1.31865
1.71514
1.85227
1.72041
1.35294
0.81908
0.21082
-0.37367
-0.84698
-1.14677
-1.24490
-1.14999
-0.90309
-0.56763
-0.21574
0.08626
0.29044
0.37543
0.34876
0.24317
0.10760
-0.00487
-0.04984
-0.00222
0.13730
0.34166
0.56254
0.74052
0.81807
0.75282
0.52830
0.15989
-0.30540
-0.79566
-1.22609
-1.51433
-1.59617
-1.43867
-1.04812
-0.47116
0.21136
0.89699
1.47843
1.86171
1.98242
1.81716
1.38797
0.75914
0.02661
-0.69794
-1.30560
-1.70815
-1.85217
-1.72689
-1.36467
-0.83396
-0.22636
0.35989
0.83692
1.14161
1.24491
1.15451
0.91075
0.57664
0.22430
-0.07966
-0.28671
-0.37474
-0.35060
-0.24644
-0.11097
0.00270
0.04979
0.00463
-0.13280
-0.33604
-0.55721
-0.73702
-0.81773
-0.75644
-0.53590
-0.17069
0.29295
0.78360
1.21661
1.50935
1.59699
1.44565
1.06060
0.48750
-0.19356
-0.88045
-1.46579
-1.85504
-1.98289
-1.82480
-1.40167
-0.77682
-0.04557
0.68058
1.29241
1.70100
1.85189
1.73322
1.37629
0.84878
0.24191
-0.34605
-0.82676
-1.13633
-1.24479
-1.15892
-0.91834
-0.58565
-0.23289
0.07300
0.28290
0.37398
0.35238
0.24970
0.11435
-0.00048
-0.04967
-0.00697
0.12834
0.33042
0.55185
0.73346
0.81731
0.75995
0.54341
0.18142
-0.28052
-0.77150
-1.20703
-1.50425
-1.59766
-1.45249
-1.07296
-0.50376
0.17576
0.86385
1.45302
1.84820
1.98317
1.83226
1.41524
0.79444
0.06453
-0.66314
-1.27909
-1.69368
-1.85144
-1.73939
-1.38780
-0.86356
-0.25748
0.33213
0.81648
